#maletest3:default001
#2218196344960
162 0.00164474068793652 -0.000139700619797622 -0.000812174032944313  
165 0.000956647821887202 -0.000124037454725112 -0.000568504161492456  
167 0.000332667472697779 -2.45314086271264e-05 -0.000157350431663872  
213 0.00287870610196705 -0.000277336465444478 -0.00148853341488595  
216 0.00336153657747218 -0.000372000562947505 -0.00176211923280806  
218 0.00088087683957383 -0.00010727271441624 -0.000532813364316098  
230 0.0041527086041242 -0.000389822169040599 -0.00210144103220972  
233 0.00395313888612636 -0.000490594096959285 -0.0021847700227228  
235 0.00119200387840124 -0.000163153053449605 -0.00076780175731983  
239 0.000157308980448079 -1.73391870816886e-05 -9.783534608232e-05  
247 0.0041799984901445 -0.000477414440979373 -0.00220619931860724  
248 0.00133060299233989 -0.000167567959806547 -0.000815063640402514  
262 0.000274673085620236 -3.19075655710321e-05 -0.000174681971202517  
263 0.00388390486386925 -0.000386927279805604 -0.00201942663625249  
1587 0.00788606441642514 -0.000542919199460812 -0.0029874983520134  
1588 0.0634400032195117 -0.00140064611787249 0.000598509534028652  
1589 0.0790682273366201 0.000205028215077618 0.0360442145283733  
1590 0.00315054552143224 -0.000372247299196715 -0.00161347637913439  
1591 0.0705123746993195 -0.000787428544754221 0.0254536867578274  
1592 0.00507676707650262 -0.000294747895964065 -0.00183485421621321  
1593 0.0671844117041474 -0.000852044987368572 0.00211281048541379  
1594 0.0783084976574173 0.000600599865720086 0.0413187209605886  
1595 0.0641935066923907 -0.000775154587245197 0.028058197382051  
1596 0.000531087383450313 -8.77097218534573e-05 -0.000348972153460636  
1597 0.00336395665169675 -0.000174611046872997 -0.00118397298683703  
1598 0.0681190166624219 -0.000536194423148117 0.00279308241442722  
1599 0.0767892231237965 0.000865688841031442 0.0447550665867303  
1600 0.0593912988497323 -0.000864281575559289 0.0282283211054156  
1601 0.000423919549049856 -8.21445002401333e-05 -0.000307539481127606  
1602 0.00828277610025019 -0.000845318584879351 -0.00349280318641837  
1603 0.0036981838876784 -0.000525944036894543 -0.00186191088039327  
1604 0.00304928106882585 -0.000512714667479486 -0.00168590999692245  
1605 0.0160320476330753 -0.00138881780821976 -0.00557664240841438  
1606 0.00976101336891588 -0.00115222769727552 -0.00402689526163169  
1607 0.00784992535000129 -0.00112938743427549 -0.00363702450704308  
1608 0.0651378748116258 -5.65702407584467e-05 0.0384128529224476  
1609 0.0698384056286159 -8.06334669505304e-05 0.0366951768000937  
1610 0.0744801111704874 -0.000318128191338474 0.03137652371879  
1611 0.0716019040573883 0.000645074045479532 0.0445186783999807  
1612 0.0751712786832286 0.000433559377256643 0.040972000732153  
1613 0.0778748185443874 5.51521670786315e-05 0.0347363098735505  
1614 0.0138000719523461 -0.000507024464013739 -0.00342517991566649  
1615 0.0159817064327399 -0.000669860162133773 -0.00420829544873447  
1616 0.0201772137729677 -0.00102340318335337 -0.00583322860256885  
1617 0.0342086565078716 -0.000733026553461968 -0.00506729333574202  
1618 0.0364908536712392 -0.000950350272432843 -0.00573526818334397  
1619 0.0396985899760693 -0.0013950775964986 -0.00692302091920327  
1620 0.0294625031528994 -0.00215564015798009 -0.00117182504618583  
1621 0.0358998015981342 -0.0021081333161419 -9.65548824757301e-05  
1622 0.0479419994398995 -0.00203697112283407 0.00170316422008857  
1623 0.0853467117231048 0.000296498572311066 0.0313259623180777  
1624 0.083516375230829 7.45445927350374e-05 0.0299487078373197  
1625 0.0807177928509191 -0.000261689532180753 0.0273165780599804  
1626 0.0466829447614145 -0.0018054372012557 0.0120190952293335  
1627 0.0539138077056123 -0.0015970726035448 0.0148545649572036  
1628 0.0636587530934776 -0.00139794341339439 0.0161060994287247  
1629 0.0160607224306659 -0.00177439458775552 -0.00462039876583752  
1630 0.0200581957542454 -0.00179777715584351 -0.00477839704399258  
1631 0.029888969852891 -0.00196705807775288 -0.00544595190149291  
1632 0.0816126885220001 0.00061392691404194 0.0393882209873473  
1633 0.0805845487734587 0.000382930300247608 0.037328777523725  
1634 0.0799478908456877 0.000114058923372795 0.0341354067604689  
1635 0.0848440841255069 -1.66847889886412e-05 0.018708084477111  
1636 0.0823104329210764 -0.000343005490321957 0.0174908417684484  
1637 0.0767816731458879 -0.000894009151124919 0.0144354920776087  
1638 0.0103526869407489 -0.000813294176396195 -0.00405608992247158  
1639 0.0593209320923052 -0.0018190562077508 -0.000858395811520252  
1640 0.0795850911037519 -8.78569608175894e-07 0.0327897872011809  
1641 0.00699950798139071 -0.0007048284467146 -0.00313383650063773  
1642 0.0372640252776364 -0.0020697689797089 -0.0059063417138536  
1643 0.0133116662464374 -0.00116011857789999 -0.00524895270064032  
1644 0.0225070027396441 -0.0016502384969499 -0.00709605163865509  
1645 0.0776264484923104 -0.000361308282663231 0.0285729280658409  
1646 0.0793156605002139 -6.00900411882321e-05 0.0320640399586401  
1647 0.0230078273793879 -0.00135839206313915 -0.00716603833643611  
1648 0.040417494612484 -0.00177428963070281 -0.00768735323799799  
1649 0.068078196079 -0.00136616146301094 0.0150612506549798  
1650 0.0773736172485542 -0.000653252810479898 0.0237711411100456  
1651 0.0737953374131166 -0.000837354150462488 0.0227545961679417  
1652 0.0555210869725684 -0.00195367516425904 0.00293108711775791  
1653 0.0796556517899774 -8.53265332807496e-05 0.0315039373817845  
1654 0.0714897452508012 -0.00135833737840585 0.0111793432588448  
1655 0.0139267085100983 -0.00104377398383815 -0.00531875047045124  
1656 0.0657919193854468 -0.00165723571080889 0.000247040385146891  
1657 0.0815275564709736 0.000194536788740152 0.0340749165152366  
1658 0.007863826127533 -0.000881855339230242 -0.00373816984847514  
1659 0.0362847083879387 -0.00230922383434518 -0.00588876080291856  
1660 0.0137095586922271 -0.00134610457735107 -0.00582105401554162  
1661 0.0227427804948093 -0.00187874957691747 -0.00754036785656373  
1662 0.0715913976382581 -0.000628407629847061 0.0290025127760594  
1663 0.0766127667832279 -0.000122024091979256 0.0332941954293338  
1664 0.02916577149972 -0.00159865482555699 -0.00865326888015278  
1665 0.0475076030879791 -0.0018753905505946 -0.00791796887642748  
1666 0.0615170356722956 -0.0017099242668337 0.0142640962803845  
1667 0.0838647578257223 -0.000163206783327041 0.0249130153097205  
1668 0.0669264930784266 -0.00117495713493554 0.0224333958176423  
1669 0.0518110454413545 -0.00222093666525325 0.0031865139026187  
1670 0.084472409051159 0.000237059110986593 0.0315927546653249  
1671 0.0781251683674782 -0.000941108108236222 0.0133845862583249  
1672 0.00824989038400048 -0.000850168240958737 -0.00373249517633673  
1673 0.0144249997867973 -0.00129497752004681 -0.0058157928397124  
1674 0.0237862675084557 -0.0017901876212818 -0.00756194232963045  
1675 0.0382033554556358 -0.00218994470196776 -0.00610196631168988  
1676 0.0552112902753379 -0.00206836448705872 0.00280198546533861  
1677 0.0663809667414625 -0.00151674001062929 0.0141307162339209  
1678 0.0720497950462828 -0.00098243304182688 0.022032362103345  
1679 0.0760183973511772 -0.000496259342071426 0.0278111797015292  
1680 0.0786035623366388 -0.000162900414125033 0.0312212897442797  
1681 0.0801945275610336 -3.50050136148639e-05 0.0318319541329393  
1682 0.0811018253225484 -9.09215250430861e-05 0.0300949111770016  
1683 0.0787293273497198 -0.000628758819402719 0.0227030613677918  
1684 0.072082829556166 -0.00138157683431928 0.0106675611314123  
1685 0.060207886283024 -0.00190689081046003 -0.00117329503700661  
1686 0.0430123987780462 -0.00195349218665808 -0.00805497390683782  
1687 0.026042575100746 -0.00158217906164293 -0.0081866568216358  
1688 0.0124493725361958 -0.00100720399541399 -0.00494962028733434  
1690 0.000626946098236658 -0.000395154840816758 -0.000182940310878659  
1697 0.000175162770489123 -0.000135764284436846 -6.86125595166509e-05  
1706 -2.93492274181517e-05 -0.000102507318729295 -3.68702944800875e-06  
1727 0.000820649487536684 -0.000358987627578244 -0.00040171629007095  
1744 0.000299708748968897 -0.000154209685177875 -0.000153634862272198  
1746 0.00133322362773924 -0.000447714612505479 -0.000835583859952796  
1747 0.000498822425385015 -0.000168162063346244 -0.000348975229371726  
1748 0.00143390663561149 -0.000534774729885612 -0.0007609756194143  
1749 3.98423451031249e-05 -1.62388859479279e-05 -1.21880793813034e-05  
1751 5.32264551509343e-05 -2.00047302030271e-05 -4.93518704729554e-05  
1761 3.16589836728554e-05 -1.47196424507001e-05 -2.3474823478864e-05  
1762 3.82423769167417e-05 -1.80807246010772e-05 -2.49995203489561e-05  
1772 0.00180628904877267 -0.00075575322853183 -0.000546528690392827  
1775 0.000302170418763126 -0.000405804736828941 1.49482712003407e-05  
1779 0.00261768970835874 -0.000790538824276155 -0.00153525954010556  
1780 0.000858303809479821 -0.000255546202822643 -0.000583458321671083  
1781 4.87864927976034e-05 -1.61344078861703e-05 -4.54053362659631e-05  
1783 0.00328133828838872 -0.00108860471277694 -0.000797727356257517  
1786 0.00126010628696349 -0.000737722544499775 -2.74905432889744e-05  
1789 -0.000131363617072111 -0.000163622458899226 6.35849382888479e-05  
1790 0.00338870786879397 -0.000161201546916345 -0.00114416419819463  
1791 0.0688745851393833 -0.00030027071306904 0.00357949208409941  
1792 0.0752229138070106 0.00116157127649785 0.0479433148102535  
1793 0.000450912702291362 -9.35283352276883e-05 -0.000339970564709802  
1794 0.0553329216090788 -0.000845069080241956 0.0296985656241295  
1795 0.00232395165585331 -6.90442959978554e-05 -0.000633719950201339  
1796 0.0650745852353793 0.000491729819728393 0.005919591480051  
1797 0.067125206289802 0.00184144202830794 0.0532139357019324  
1798 0.0370112419313955 -0.00101029694724281 0.0283646113041407  
1799 0.00259874796392978 -0.000201679012661771 0.0138570473754951  
1800 0.0011085146996237 4.68791506733623e-05 0.000212859780958752  
1801 0.0306724741736843 0.00155388515668164 0.0349416775497954  
1805 0.000500852255015616 0 0.00148487444130296  
1806 -0.0004996657371521 0 0.00068388781255635  
1808 0.040124452368218 0.000815106433947221 0.00508276005893982  
1809 0.0526822789584003 0.00210831520871579 0.0505287480191322  
1810 0.0165588324089185 -0.000782077349867905 0.0226736579876383  
1811 0.00264315482672828 -0.000488747596136818 -0.00154048298099951  
1812 0.00638885702028347 -0.00107531392222882 -0.00331183833441177  
1813 -0.000317099225867423 0 0.00100997484514664  
1814 0.00971665878751082 0.000313717378958245 0.023785347537341  
1815 0.0291735789433005 0.000215189900178048 0.0370403929046001  
1816 0.0476303194755019 0.000122848556429689 0.0415376936070963  
1817 0.0615110103772167 8.31560510050622e-06 0.0399543696707376  
1818 9.60080342338188e-06 0 0.00109642622192041  
1819 0.0200395070360173 0.000971085316450626 0.0316480461915487  
1820 0.0407489517983777 0.00127470330153301 0.0463039857422694  
1821 0.056319868650462 0.00108635173637595 0.0495563530275823  
1822 0.0677082328820688 0.000815394774122069 0.0470183538745907  
1825 0.0027360308849893 3.20056862079809e-06 -0.000292593463655066  
1826 0.013807357503083 -0.00018040252962237 -0.0021038191662231  
1827 0.014372011727346 -0.000463092200106985 -0.00332956791498884  
1830 0.0136966861700785 0.000174167347950061 -5.69724143136274e-05  
1831 0.0346329672097454 -3.06739028702041e-05 -0.0017838642124845  
1832 0.0352272460581844 -0.000626314337750955 -0.00464553649362659  
1834 -0.000269726398656189 -9.81205833738841e-06 6.76583593133273e-05  
1835 0.000603511996132511 -0.000685431581359808 0.00100407526406333  
1836 0.00774804804586893 -0.00165342045465877 0.00120811566011955  
1837 0.0265073955742992 -0.00226136570290691 0.000444227545812761  
1839 0.030642512886061 0.00127065594188025 0.015849557978072  
1840 0.0745649366126599 0.00249419622832647 0.0364494228342661  
1841 0.0902514272420376 0.00178898254034721 0.040022725782307  
1842 0.0874022805946879 0.000652657767645337 0.0340775977274454  
1844 -0.000967478598113303 -0.000307395530967369 0.00418882880722996  
1845 0.00545533683543908 -0.00114710649177141 0.00822944345964035  
1846 0.0214478421594322 -0.00184155412352993 0.0124065048657935  
1847 0.041838763800115 -0.00185146711373818 0.0135367798357031  
1848 0.0139677853726425 -0.00184463165305715 -0.00427691247023207  
1849 0.000468866121991596 -2.77555756156289e-17 0.000634993479252444  
1850 0.0382214218579975 0.00181479585171473 0.0304219638128412  
1851 0.0665796576595312 0.00266126896167407 0.0487038570572615  
1852 0.0786901677338392 0.00205703372466814 0.0511703262382064  
1853 0.0818675936599789 0.000935954830538321 0.0426066886102481  
1855 0.01388942083031 0.000521255358307826 0.00442743332678186  
1856 0.0670344600830504 0.00178520655299502 0.0198573004388754  
1857 0.0873722859105328 0.0012788937424375 0.0234514848216342  
1858 0.0868527311704383 0.000332196718130007 0.0202621730495588  
1859 0.0153243593470052 -0.00037003775833 -0.00305178626695135  
1860 0.00321492429037562 -0.000125833673621401 -0.000988068928563735  
1862 0.000609300892790543 -0.000151533983085983 -0.000471179826945479  
1863 0.00253523591766225 -0.000588941263345077 -0.00160505808935343  
1864 0.00683694449617178 -0.00140503980264839 -0.00292693256051293  
1865 0.0160087777430817 -0.00211486227999558 0.00111839903547625  
1866 0.032028840169005 -0.0019062097799179 0.0140938733893558  
1867 0.0468209319751622 -0.000864017146341267 0.0306665984871862  
1868 0.0545009030047368 0.000110503999394496 0.0416904353514829  
1869 0.0619322526617907 0.00100163413981136 0.0491416567456319  
1870 0.0717166783756511 0.00153903489353979 0.0513657213741673  
1871 0.0807347854038198 0.0014660913161606 0.0476255608846251  
1872 0.0897137892588944 0.0012067175134689 0.0376219095719528  
1873 0.0882519195311033 0.000826967444254478 0.0221256909862851  
1874 0.068659045982713 0.000102980403653419 0.00492802787630314  
1875 0.0374458216224411 -0.000391274976664135 -0.00355750137532612  
1876 0.00886453602527126 -5.17414040359654e-05 -0.00110576941006035  
1877 0.000653827366889459 -1.50610260334361e-05 -0.000165021819157118  
1878 0.00377930248941993 -0.00124604704069498 0.00146680315810936  
1879 0.0123074629182156 -0.00158172024839587 0.0101469356413869  
1880 0.027251862535195 -0.00103055513955047 0.0256381967255942  
1881 0.0398933704054798 0.000113861312001917 0.0401096375971969  
1882 0.0499378765034635 0.00117287703324109 0.0490102881813066  
1883 0.0611062998427769 0.00201978358381893 0.0532483223432785  
1884 0.0746702987489698 0.00249849730062124 0.051817885039781  
1885 0.0865003625840473 0.00230868262588046 0.0404945192512961  
1886 0.0821853456545796 0.00165098100478644 0.0231633991202638  
1887 0.0569614809237464 0.000751552839801606 0.00608329225724402  
1888 0.0257622125750459 0.000148619683681961 -0.00070243114350893  
1891 -0.000485913209161026 -0.000215921539279407 0.000503267476688031  
1892 0.00128622049032856 -0.000696023776981747 0.00641846217649784  
1893 0.00818977232029283 -0.000444973097728507 0.0187601343150161  
1894 0.0184066744768643 0.000335478310091675 0.0313679148166553  
1895 0.0303074378198289 0.00120347759911965 0.0402026166921128  
1896 0.0425623322428521 0.00195702119617636 0.0443474858111579  
1897 0.0545452232299795 0.00243145816057222 0.041497169237118  
1898 0.0547410577955816 0.00210081927707506 0.0273403567807686  
1899 0.0397833611209535 0.00129802676428881 0.0120742645725612  
1900 0.0167100722935629 0.000480764448639093 0.00254572641597378  
1901 0.00149517471558624 3.53216282746871e-05 5.17636724453041e-05  
1905 -0.00119434635307414 -2.62914739863618e-05 0.0011237160457824  
1906 -0.00140387202282 -3.01155744750758e-05 0.00597122852286699  
1907 0.00116968526401706 0.000133036409692977 0.0114399095891712  
1908 0.00627749410182332 0.000388855318078585 0.0157069271263026  
1909 0.0125376931729626 0.000659583502056194 0.0174667969513393  
1910 0.0155474103576125 0.000720200683417715 0.0137295416625418  
1911 0.00837671514136673 0.000334403569581809 0.00475335800183518  
1912 0.00060270793367323 2.38742207869791e-05 0.000218025603174965  
3171 0.00418379242591982 -0.000321817496001131 -0.00182980038698599  
3172 0.000304196199785167 -2.83303116788147e-05 -0.000167196850270557  
3176 0.000120973171497951 -1.83035960930056e-05 -8.11643240012927e-05  
3180 0.000939924308681839 -7.49347868804762e-05 -0.000455342578788986  
3190 0.000844060246478762 -5.01328987496663e-05 -0.000343266539402975  
3198 0.000306623684004137 -4.1436058594968e-05 -0.000194796239611605  
3200 0.000383928660681931 -4.86108689727871e-05 -0.000239824872096506  
3272 0.00603140288365012 -0.000528473940676122 -0.00274309436645137  
3273 0.000883373061327575 -9.27380238238129e-05 -0.00050932098292833  
3274 0.00227376804838286 -0.000205546459426387 -0.00114786544509127  
3278 0.00196672899329542 -0.000228156367654719 -0.00110728631443646  
3279 0.00398402148391597 -0.000442712328094785 -0.00207703729029177  
3280 0.00228265336670574 -0.00026375499913911 -0.00124067599244901  
3282 0.00120043144275428 -0.000147024432209264 -0.000724911789802718  
3284 0.000140069373649965 -1.79830376509926e-05 -9.13280747454337e-05  
3305 0.00396917918214967 -0.000361836548904648 -0.00198971446479862  
3306 0.0040806214924487 -0.00039462645452204 -0.00209013024323229  
3311 0.00375904636314317 -0.000487885076154271 -0.00213216545307673  
3312 0.00408344016975093 -0.000485404249616295 -0.002202751908044  
3315 0.00109195886955149 -0.000156286197722011 -0.000723192743862455  
3316 0.00239411506019849 -0.000312103739418035 -0.00143110342651218  
3319 0.000361715049898237 -5.19718516471812e-05 -0.000250496011858559  
3326 0.00144417541483222 -0.00014803215435677 -0.0008200548345485  
3327 0.000127184374250078 -1.36479147485602e-05 -7.83206101004907e-05  
3328 0.00015447950946168 -1.74896965745575e-05 -9.7104856081387e-05  
3345 0.00129917584182238 -0.000170362042581473 -0.00081539911661821  
3346 0.00260018112567195 -0.000311761942327848 -0.00148003173308114  
3347 0.000413287911541715 -5.46849306033437e-05 -0.000271979220769936  
3376 0.000151448724224679 -1.77087204775717e-05 -9.67575563208811e-05  
3377 0.00139591416726148 -0.000151132036876334 -0.000811605291346496  
3378 0.00341994840982807 -0.000343143842087557 -0.00179281441342044  
3582 0.000779166683471999 -4.30232183674661e-05 -0.000306658896533918  
6056 0.0653642508477787 -0.00113167560994054 0.00135391729418124  
6057 0.0612216897370672 -0.00163452791184693 -0.000200223468710431  
6058 0.0794634020517151 0.000181356607299676 0.0354603527412101  
6059 0.0784336094686414 0.000382552928385849 0.0387149421817403  
6060 0.00529351652164678 -0.000558144783326497 -0.00248047688728559  
6061 0.00132175326086781 -0.000183297985358877 -0.000765084807426319  
6062 0.00192825035634669 -0.000238799310068316 -0.00106612829767996  
6063 0.00960015320265484 -0.000483456419715367 -0.00291898247815003  
6064 0.00666780539506817 -0.00042560183499063 -0.00247337498876765  
6065 0.00192471924583515 -0.000126742526191492 -0.000805129792752268  
6066 0.0777477390583954 -0.000553594337361574 0.0105081610527115  
6067 0.0515964776031979 -0.000980858645561966 -0.00381811714032732  
6068 0.0794041226331501 0.000524750811280228 0.0398814983218889  
6069 0.0676941519359389 -0.000739237838388362 0.0274863894264846  
6070 0.0598441653910413 -0.00118397455298691 0.0219749857496928  
6071 0.00181720838816091 -0.000278971021941743 -0.00104867564732561  
6072 8.6505955707139e-05 -1.50447160365275e-05 -6.20445237586864e-05  
6073 0.00333126658267702 -0.000168006843864532 -0.00115756264858646  
6074 0.00375589265439658 -0.000201461874667075 -0.00133325623210112  
6075 0.0684136336813026 -0.000451728198640922 0.00303310959134195  
6076 0.067933635737063 -0.00064025121719169 0.00257727612915876  
6077 0.0774426158793631 0.000748109840515099 0.0433019389902247  
6078 0.0762686758341715 0.000992175793726346 0.0461016160115824  
6079 0.0611098370318359 -0.000835350847410155 0.0281359408400013  
6080 0.0540838977194653 -0.00134580513258697 0.0206553653260919  
6081 0.000392417322544247 -7.31348720961478e-05 -0.000278620971585042  
6082 0.00144516686947327 -0.000261550230447938 -0.000919233171771408  
6084 0.0113315880652181 -0.00103460714353787 -0.00455056435930609  
6085 0.0116115525421989 -0.00110248065971064 -0.00454946170248169  
6086 0.00529905497977978 -0.000589119378787473 -0.00242480721499322  
6087 0.00518724834438444 -0.000625099090370895 -0.00237987017271751  
6088 0.00617993860191746 -0.000809325993259336 -0.00286322110969206  
6089 0.00315163090283477 -0.000506072886423681 -0.00168205569934801  
6090 0.00519416807333073 -0.00081338451582269 -0.00266034728247186  
6091 0.00293555005126223 -0.000510366855564826 -0.00165631018990101  
6092 0.0122553965543375 -0.00122643924623844 -0.0045842343824917  
6093 0.0143106061195795 -0.00149350155697903 -0.00480945195886325  
6094 0.00829287705005299 -0.00112609718644308 -0.00370645162547603  
6095 0.00737173196898766 -0.00111506426969754 -0.00353187644395812  
6096 0.0669889827840962 -6.40388943793369e-05 0.0378334330030149  
6097 0.0681491784434911 0.000319460419518691 0.0420768193771428  
6098 0.0637474885497795 -3.42656549037201e-05 0.0390100508614737  
6099 0.0625055112159316 -0.000434655360550096 0.034041601336866  
6100 0.0672350031909446 -0.000413496299188409 0.0328679441445267  
6101 0.0763055274612725 -0.000108059519334347 0.033402571680198  
6102 0.0727290852009901 -0.000183056244168256 0.0342239867168237  
6103 0.0728102619405036 -0.000522648439982731 0.0289388307355687  
6104 0.076592423795887 -0.000333726064127404 0.0297247434391458  
6105 0.074543478556734 0.000823006019572858 0.0452795631408654  
6106 0.0770231904684806 0.00057017834853923 0.0416718522837974  
6107 0.0731126086775475 0.000559155694215718 0.0431599932044256  
6108 0.0725892931150156 0.000199493862055533 0.0392734106917479  
6109 0.0786609450486822 0.000173047061480247 0.0359063861596942  
6110 0.0765839004880036 0.000225157834847778 0.0377660533049484  
6111 0.00761091558035787 -0.000337759444619223 -0.00224701369734281  
6112 0.014297700814268 -0.000548022074553955 -0.00360928655754855  
6113 0.0132518292698478 -0.00079292371651718 -0.00436039292617374  
6114 0.0182907294160941 -0.000852935219882056 -0.00505708726450399  
6115 0.0288926286098103 -0.00123343382983876 -0.00691983490105508  
6116 0.0217154745278094 -0.00119045629890036 -0.00652833375352235  
6117 0.0221099076002247 -0.000641560665826546 -0.00453561718313727  
6118 0.0504596879691235 -0.000721866260391835 -0.00336189699010059  
6119 0.0347319486691049 -0.000797437451637961 -0.00527960550971357  
6120 0.0246276123657481 -0.000830784802474227 -0.00535376479456329  
6121 0.0384518974960883 -0.00117954943652876 -0.00635183485428603  
6122 0.051827589972163 -0.00147279972225089 -0.00472143280785597  
6123 0.0314329056864153 -0.00214015833989833 -0.000916629163839833  
6124 0.0375774239628299 -0.0020995771883463 0.003876282687997  
6125 0.0284695600930718 -0.00218848409349448 -0.000749836552131886  
6126 0.0421477791778671 -0.00207973991018662 0.000888060530996437  
6127 0.0529635986332551 -0.00196591609983443 0.0026117204106407  
6128 0.0845697912154719 0.000206538432621528 0.0307699555669381  
6129 0.0822269068139576 0.000237614777461204 0.0339985476093707  
6130 0.0822159784074756 -8.09616367405397e-05 0.0288095500654883  
6131 0.0794349051320751 -0.000591957506912877 0.0212340592188404  
6132 0.0789012631930746 -0.00047299970901804 0.0254671338843757  
6133 0.0490284138941206 -0.00174562078791496 0.0127575136866648  
6134 0.0453548448476795 -0.00196112564117357 0.00646122989564835  
6135 0.0666706777269042 -0.00136700436632964 0.0156062872847534  
6136 0.0676847907288902 -0.00106911966577172 0.0214261708097174  
6137 0.0592845272076374 -0.00146551348552748 0.0160297416223323  
6138 0.0570005739418775 -0.00176856676807802 0.00886907120002381  
6139 0.0172829220318818 -0.00178887249694526 -0.00463415854756044  
6140 0.0222133445895452 -0.00202730801174766 -0.0036897180834788  
6141 0.0153791461743822 -0.00180139327449069 -0.00452193446835757  
6142 0.0112509501268505 -0.00145456336667849 -0.00437956677342315  
6143 0.0270421581217306 -0.00201811165607069 -0.00351962580316501  
6144 0.0347855368212038 -0.00202359770901239 -0.00564027937070957  
6145 0.0380971533659249 -0.00209109402294416 -0.00321391697798448  
6146 0.0246883730787886 -0.00187325441766006 -0.00507307452790007  
6147 0.022627709068729 -0.00172493372338067 -0.00617728027282302  
6148 0.0835632414546126 0.000451322835090195 0.0357634998745189  
6149 0.0819489272614646 0.00074549947731839 0.0406541778299916  
6150 0.0792762367582327 0.000804970500780655 0.042906288197627  
6151 0.0811849373592395 0.00050780209653567 0.0384571007225523  
6152 0.0804079247677123 -1.70891971720266e-05 0.0319080449335152  
6153 0.0801409297814644 0.000234540009387274 0.0356791727936061  
6154 0.079941352167225 -0.000204768406092626 0.0116309396471472  
6155 0.0862624170622439 0.000160015497158383 0.0259175441315158  
6156 0.0839903646883613 -0.000134567382247042 0.0182446444741793  
6157 0.0838643134866288 -0.000123667204206868 0.0244151055376271  
6158 0.079737772950466 -0.000612696722782857 0.0161298805614926  
6159 0.0718430208307836 -0.0011646053108052 0.00769427468185249  
6160 0.0738326956216042 -0.00115687050310953 0.0126322809082914  
6161 0.00912523865576986 -0.000671688768079548 -0.00351386292823011  
6162 0.0115041816942494 -0.000938783552783318 -0.00459040003261191  
6163 0.0665241505630547 -0.001627937588637 0.00502299533400161  
6164 0.0502579557605713 -0.00186575570296565 -0.00536911582457883  
6165 0.0794439995252105 9.13007907001884e-05 0.0342697310807117  
6166 0.079528331610959 -1.81175787474785e-05 0.0326183419165309  
6167 0.0799327990279934 -4.04097654609359e-05 0.0319541407734496  
6168 0.00497640047024106 -0.000525838299154202 -0.00242231342417659  
6169 0.00971934725059498 -0.000916391522196136 -0.00410458703663616  
6170 0.0382895138743606 -0.00212562314027309 -0.00607705987931736  
6171 0.0459656379920261 -0.00210490475910774 -0.0028019309393135  
6172 0.0174410538861594 -0.0014017764210621 -0.006307075836958  
6173 0.0200585289823039 -0.00154728204506682 -0.00650118561316057  
6174 0.0294660182856603 -0.00189966870857461 -0.00719163790927305  
6175 0.0758715912852495 -0.000591278811953089 0.0258952605290681  
6176 0.0773613775677404 -0.000423953452809656 0.027850190213939  
6177 0.0789947949197085 1.2526258615253e-05 0.0334135024568232  
6178 0.0786942516699582 -0.000182418042186328 0.0306887465958417  
6179 0.0161104578578488 -0.00109813488325028 -0.00567924084134588  
6180 0.0402869235576873 -0.00159549218096811 -0.00737125470186614  
6181 0.0309381808992839 -0.00158613515486661 -0.00800618839275591  
6182 0.063202247904222 -0.00166845140847727 0.0094912768108763  
6183 0.0680177400062121 -0.00141829533095006 0.0145196416124228  
6184 0.0713536322565886 -0.00108861130047444 0.0192875318825818  
6185 0.0772008906055817 -0.00071951435165829 0.0226406826113809  
6186 0.0727362427817297 -0.000809160497738048 0.0237884193775236  
6187 0.0560880798796006 -0.00199385948690178 0.00283318854053433  
6188 0.0797610572963308 7.79554375185398e-06 0.0328220621449864  
6189 0.0797325035441645 -1.85822500498034e-05 0.0324350448863689  
6190 0.0800083677879684 -0.000135115090870386 0.0304412486730135  
6191 0.079010908154828 -0.000285246692328656 0.0289511848095564  
6192 0.0747357862173885 -0.00104210791323567 0.0175267701633848  
6193 0.0705567282429911 -0.00145055894245161 0.0104234592581626  
6194 0.0211689367765757 -0.00135336284347443 -0.00726028529243228  
6195 0.0144965889156765 -0.00103867125835677 -0.00540142950785613  
6196 0.00837961835009082 -0.000710817256276641 -0.00368763775986738  
6197 0.0685056181337131 -0.00148812844599888 0.00122460104466804  
6198 0.0807629542307495 4.899122450297e-05 0.0326216663670485  
6199 0.0823396552623308 0.000378807761080679 0.0358747822319847  
6200 0.00575770394812025 -0.00068055575161452 -0.00292975929187375  
6201 0.00752059801715177 -0.00088299326807828 -0.00367856589582516  
6202 0.010486163844277 -0.00110415174390255 -0.00474134507567223  
6203 0.0349281131029784 -0.00235596263155458 -0.00575177070277319  
6204 0.0131592718830689 -0.00135834983984751 -0.0057519762849553  
6205 0.0177788028245232 -0.00160970602382804 -0.00685519531543841  
6206 0.0218489199214673 -0.00190370630798498 -0.00744727697019718  
6207 0.0289717001660392 -0.00213092404374038 -0.00745205915882297  
6208 0.073911213462452 -0.000575615045818267 0.028231034659256  
6209 0.0688162714104692 -0.000688708733832755 0.0296472075024206  
6210 0.0740100785878894 -0.000363028280844446 0.0315757050739185  
6211 0.0755448843656268 -6.22581842435466e-05 0.0348650280866414  
6212 0.0793200369694205 7.28570653336647e-05 0.0342127672192865  
6213 0.0379087231003723 -0.00178051176771998 -0.00903399904200386  
6214 0.0304887002585019 -0.00157081376210055 -0.00872374111349949  
6215 0.0454889633665516 -0.00192905509356944 -0.00802721004583914  
6216 0.0570808172242323 -0.00184132584217878 -0.00483251179684935  
6217 0.0492662489905342 -0.00180083720260882 -0.00773756689159244  
6218 0.063946197496989 -0.00162461760737642 0.0140081130302853  
6219 0.0576182162458281 -0.00197751244741085 0.00909919377590923  
6220 0.058948801313818 -0.0017804793369578 0.0146363684762029  
6221 0.0861925787648943 0.000125755549788664 0.0263612108756198  
6222 0.0695680452699889 -0.00108713508416258 0.0221281122649081  
6223 0.0643728386385192 -0.0014406692043849 0.0186272402715977  
6224 0.0638656963110407 -0.00126374141655106 0.0226676366000895  
6225 0.0691371435823385 -0.000911195657863573 0.025827522214967  
6226 0.0442245240274133 -0.0023467698629247 -0.00231024310051048  
6227 0.0499392512319901 -0.00228024400894355 0.00359308277256709  
6228 0.083405066125124 0.000261891436366568 0.0332907588563094  
6229 0.0862533852669003 0.000485866548416425 0.0329679741189459  
6230 0.0846953180316632 0.000100964991361252 0.0288900610321427  
6231 0.075107711045348 -0.0011800914808191 0.0118143613799468  
6232 0.0816781037192413 -0.000532439344169688 0.019620721199316  
6233 0.0810747986033675 -0.000659541750792414 0.0151300881625495  
6234 0.0729854380679171 -0.00132928545826871 0.00672763343027258  
6235 0.00792717268989107 -0.000797576169134118 -0.00354086299762457  
6236 0.00604377217712226 -0.000657173553690882 -0.00294214665336764  
6237 0.00816407010771059 -0.000875193718229639 -0.00378420681227004  
6238 0.0110084468294076 -0.00106344901018929 -0.00472361099036797  
6239 0.0141669919577794 -0.00123612018796848 -0.00562758720843717  
6240 0.0142144977217527 -0.00132945138193463 -0.00587181946684739  
6241 0.018600069041895 -0.00153909356276927 -0.00684021521010469  
6242 0.0235894326855259 -0.00172586012922693 -0.00741822850977797  
6243 0.0234717976721299 -0.00184320154221496 -0.00759496599494031  
6244 0.0304421870687293 -0.00202951705068699 -0.00754741874698123  
6245 0.0375090894590357 -0.00225564989159466 -0.00599552395578984  
6246 0.0466717064915656 -0.00221551530557917 -0.00271974764473321  
6247 0.0535829621358062 -0.00215093063161476 0.00288043885666334  
6248 0.061948471549897 -0.00179865832433279 0.00893065996933665  
6249 0.0694561075483762 -0.00124771051105199 0.0183541794831391  
6250 0.0735785703364513 -0.000895044778189913 0.022122852955362  
6251 0.0741875082592287 -0.000733113273781782 0.0251347175872063  
6252 0.0774400607975849 -0.000306242068290885 0.0298831627405881  
6253 0.0791474232987071 -0.000130538559005799 0.0311790456144072  
6254 0.077657943179247 -0.000164415114340954 0.0319724585970098  
6255 0.0794786189247247 -7.29916037016665e-05 0.0318422644559169  
6256 0.0809111950657098 -2.65950025095663e-05 0.0313609994373101  
6257 0.0826014517970179 2.54310712080041e-05 0.030394491117476  
6258 0.0804801642061648 -0.000289490025352279 0.0273434366608847  
6259 0.0812285733009048 -0.000433098997746129 0.0234665923853747  
6260 0.0757799990824424 -0.00102685254569224 0.0168294447576037  
6261 0.0671035015129746 -0.00167878882712102 0.00458625328610587  
6262 0.0586642715261405 -0.0019205225744372 -0.00124496725038692  
6263 0.0630043294695497 -0.0017953891747311 -0.00056831179244976  
6264 0.0520046217598065 -0.00199365051867073 -0.00552498079196126  
6265 0.0410013642185731 -0.00190488219868723 -0.00793902785517298  
6266 0.0340374436409547 -0.00179883135933789 -0.00877565125119914  
6267 0.0244120806019055 -0.00150455379798597 -0.00774464821734019  
6268 0.0276735725474282 -0.00160510249634183 -0.00848756239429369  
6269 0.018798707699716 -0.0013163335461287 -0.00676425471101566  
6270 0.013216253003975 -0.00103244399065272 -0.00517386893625385  
6271 0.00754576738040669 -0.000684464155028763 -0.00343574929502208  
6275 0.00108006186860621 -0.000560385510311789 -0.000301267873510432  
6276 0.000320723100344367 -0.000239185684165477 -0.000116489372885574  
6277 0.000845351964017027 -0.000417014197068966 -0.000336623785187874  
6286 3.80760318705597e-05 -1.59698974471212e-05 -8.9998523549184e-06  
6289 6.63439970622903e-05 -4.27111545917569e-05 -2.0809194325011e-05  
6304 1.31455907421696e-05 -4.55851412368702e-05 -1.73460792893959e-05  
6306 9.3098508173739e-06 -2.7407516725475e-05 2.2524812948177e-07  
6307 0.000203020004448717 -0.000259785004175228 -4.94992073072631e-05  
6349 0.0005318704753563 -0.000250910716374619 -0.000258058291819917  
6350 0.00112354843588491 -0.000455107060702176 -0.000566042690479702  
6381 0.000274841019745509 -0.000163922194019506 -0.000124914023217612  
6384 0.00156357160904008 -0.000550636459365705 -0.000906510180357202  
6385 0.000889419650661694 -0.000294613360097173 -0.000577997496066049  
6386 0.000213207090425271 -8.07062996699415e-05 -0.000157936232881191  
6387 0.000162306543074919 -5.83377193095203e-05 -0.000134179092128759  
6388 0.00189110908286239 -0.000711859548118809 -0.000812894793853127  
6389 0.000678708367445324 -0.000273880612553512 -0.000414346343859517  
6391 0.000169309339554502 -7.6713199220535e-05 -6.43396110718147e-05  
6397 4.54367868627514e-05 -1.6036519795648e-05 -4.24623068511214e-05  
6416 0.000596444770451399 -0.000221965564321636 -0.000377126816260918  
6418 3.91922244773468e-05 -1.82335717937576e-05 -2.67757167762284e-05  
6419 0.000477166427288012 -0.000201568416059672 -0.000261584403915566  
6421 0.000216703756990455 -9.17284731656309e-05 -0.000100724251296966  
6439 0.00102807911684977 -0.00061561652501041 -0.000172496236700754  
6446 0.000695248921829261 -0.000572813454141397 4.24476093023596e-06  
6447 -9.54169290707796e-05 -0.000155889668349118 3.06854885820523e-05  
6448 3.32167581973408e-05 -0.000243068055056028 1.00250299510454e-05  
6454 0.00201540020611901 -0.000639855717167848 -0.00124214743482305  
6455 0.00163706378270945 -0.000491327748818549 -0.00107681428926303  
6456 0.000632231108738779 -0.000200385381390333 -0.000439593317423732  
6458 0.000122240330860279 -3.65038858802791e-05 -0.000108889430521245  
6459 0.000265385199142543 -8.43932690344218e-05 -0.000220056241687419  
6462 0.00337530222941496 -0.00104094672315114 -0.00141020908267832  
6463 0.00235254941685525 -0.00095561673128941 -0.000324293378071279  
6464 0.00256823511949733 -0.000934641762341926 -0.000769166057580265  
6465 -7.68772752053337e-05 0 -6.76033585023106e-06  
6469 0.00206343507306883 -0.000947729876315861 0.000191647946848998  
6473 0.000300094771546355 -0.00045818304158729 8.70870371727298e-05  
6474 -0.000110016341864139 -4.44247798725428e-05 1.07179247379463e-05  
6475 0.00346786627676465 -0.000151103972484634 -0.00112028483636095  
6476 0.0689961694470185 -0.000108643559087795 0.00420588970882768  
6477 0.000465453021462281 -9.25604859247642e-05 -0.000342261033438263  
6478 0.00136691657331767 -0.000267158147266855 -0.00090991292745464  
6480 0.0579443809874647 -0.000860281090353965 0.028737328186252  
6481 0.0586748353125586 -0.000403845087475929 0.0353560542180269  
6482 0.0513914522944106 -0.000847773753776038 0.0304266506500418  
6483 0.00301622452190031 -0.000104474141210176 -0.00087598908066866  
6484 0.0790006828883634 0.000898331737744229 0.0143351114784306  
6485 0.0675638048878682 0.000313088380352156 0.00559713764232567  
6486 0.0616699039937885 0.000642503303652064 0.00613359788985623  
6487 0.0619371839948144 0.00151632118650014 0.0520816011630805  
6488 0.0694614274948435 0.00171276119544927 0.052539085489115  
6489 0.0296348381161806 -0.00151993302733905 0.0202376914749032  
6490 0.0417124439391046 -0.000936642680244459 0.0297316573369237  
6491 0.0430437986524339 -0.000427287486672923 0.0357098631737352  
6492 0.00527889149907423 -0.000318053378123295 0.0165715704169995  
6493 0.000189275610637196 -0.000327632313428694 0.00846514849763468  
6494 0.00695999423714966 0.000236885070648896 0.00117150382573061  
6495 0.0254399499826832 0.0012807360253646 0.0338273496818144  
6496 0.0370142558262359 0.0017940733650903 0.0401806163499711  
6497 0.0352151669130762 0.00174741375667509 0.0340227118576873  
6498 0.0225588822213183 0.00118684683775427 0.0275573210601578  
6506 0.00024242003200925 0 0.00142420833617507  
6507 0.00380619282051153 0.000151465991791611 0.00712001942702034  
6508 0.000643233442588098 0 0.00122975861813757  
6510 -0.00143903923685684 -2.21951355072747e-06 0.00246116489097401  
6511 -0.000524782106367638 0 0.00103674316051183  
6513 0.000190628104277835 -3.88860721756146e-06 -4.66378986629934e-05  
6514 0.000588327984587522 -3.7363471889762e-06 -9.65285948950623e-05  
6515 0.0555028827657225 0.00130154447015224 0.0115959542908964  
6516 0.0284895173626865 0.000696418559982703 0.00397190779221995  
6517 0.0476169541964282 0.0020594350353349 0.0477422750773253  
6518 0.0218769877292289 -0.000945998973293172 0.0241830144661601  
6519 0.0117478983456749 -0.000594901417571236 0.0207660459936957  
6520 0.00425061993746567 -0.000757295024186533 -0.00237022807687039  
6521 0.00935164575275849 -0.00143448591870765 -0.00411556303879498  
6522 0.00452654728292146 -0.000879747220551508 -0.00258768454841636  
6523 -0.000864002464410873 1.68280334449378e-05 0.0046400447261021  
6524 0.00578523806689191 2.82050399391665e-05 0.0190504148413309  
6525 0.014389520585155 0.000628274251539496 0.0279417168640064  
6526 0.0229936909790922 -0.000310409291614688 0.0304258945543547  
6527 0.0349626850274944 0.000142657805326907 0.0388768561533646  
6528 0.0515727369711385 0.00063007263537429 0.0460937618263407  
6529 0.0640981729848136 0.000434279507857127 0.0440843763972218  
6530 -0.000121727740406641 0 0.000818562052700145  
6531 0.000939791953271651 5.83913912350353e-05 0.00612003004425782  
6532 0.0252335200302696 0.00111026167769523 0.036287973700382  
6533 0.0136534772973391 0.000740047423732904 0.025062778517167  
6534 0.0348312266760331 0.000756694644451217 0.042286288538889  
6535 0.0458144632320909 0.00123524713399092 0.048145775763259  
6536 0.0466630412865925 0.00172829982238909 0.0489817290217609  
6537 0.0533737287569238 0.00112337392874906 0.0494404721612219  
6538 0.0701057102214691 0.00071670606104135 0.0456161762194816  
6539 0.0717414370301412 0.00105772001415971 0.0481568624854836  
6540 0.0648582532630826 0.000912328880076529 0.0482500520010937  
6546 0.00651607515146679 4.91403681621705e-05 -0.00035350033431325  
6547 0.00728065473845163 -0.000154136654941794 -0.00151759660002454  
6548 0.0107275600539651 -8.7813932282188e-05 -0.00142162509433807  
6549 0.0226744333176612 -0.000140096019549674 -0.00237322912835219  
6550 0.014013555652582 -0.000491465521463397 -0.00340542024514445  
6551 0.00809315307310499 -0.000321948582381992 -0.00225378154573297  
6552 0.0149455298603698 -0.000426344419565794 -0.00324764895776763  
6553 0.0228936123808126 -0.000571888082049554 -0.00432690518209716  
6560 0.0210347337438179 0.000175823143479192 -0.000399848238885503  
6561 0.0253459040113739 0.000425109703428461 0.00138202976086182  
6562 0.0298108259921719 9.39131605051102e-05 -0.00108611872201447  
6563 0.0491737641168584 0.000167692307598999 0.00056865590886418  
6564 0.0345504256483764 -0.000694099493557587 -0.00492460737586969  
6565 0.0514348183332913 -0.000553354483145085 -0.00263562610052814  
6568 1.31492680566225e-05 -0.000366996132584063 0.000207852043786205  
6569 0.00225829693408741 -0.000990916756109073 0.00364653685028299  
6570 -0.000193305747757222 -0.00041729736437901 0.000746772373531691  
6571 0.00446625134645728 -0.00129881271777776 -0.000467744219349871  
6572 0.0106653173297673 -0.00186084974302503 0.00098033872200147  
6573 0.013776147493445 -0.00189288250840036 0.00579315536378961  
6574 0.00577156746567198 -0.00147335312203722 0.00145667870674493  
6575 0.0337620661357505 -0.00216533478851488 0.00574705327744536  
6577 0.000122689230920514 0 0.000125080138559497  
6578 0.0364113764117064 0.00161821493566094 0.0234064378637411  
6579 0.0909825329090381 0.00158301306373687 0.0321268055179184  
6580 0.0861224625150498 0.000420152386283235 0.0322768004261882  
6581 0.0887235617956321 0.000924976758824414 0.0359135290349563  
6582 0.0851051148401893 0.000805906688469804 0.038828564268008  
6583 -0.000486177639686503 0 0.000326224306036238  
6584 -0.000244633789407089 0 0.000236359134760278  
6587 -1.03720838069421e-05 -0.000498855184332569 0.00545317475575746  
6588 -0.00101609571277095 -0.000161299393766967 0.00129175735196439  
6589 0.0103292846924887 -0.00107896697772958 0.014822580275904  
6590 0.0266863381939402 -0.00189322425103461 0.0134832767653273  
6591 0.0166099918424152 -0.00173955842637952 0.0112169493695542  
6592 0.0450159396878007 -0.00182549420605937 0.012485185361583  
6593 0.0494967792092211 -0.00136781120454543 0.0221176998093135  
6594 0.0373299358252552 -0.00187925725367682 0.0142845152440708  
6595 0.0198545166758777 -0.00214758763377176 -0.00280312031827669  
6596 0.0277263969423984 0.00133017866346563 0.0229143154319899  
6597 0.0590453319907738 0.00242593390612456 0.0506512163265136  
6598 0.0718970008892938 0.0026678436970542 0.0433159293461354  
6599 0.0610331513571509 0.00259472636207647 0.0456284408646747  
6600 0.0722223346081137 0.0020243963390385 0.0531098588617161  
6601 0.0855808614978741 0.00194691408250947 0.0464449545906967  
6602 0.0785592113570601 0.00111842659362082 0.0461691380896801  
6604 0.00607701713954611 0.000231336797128279 0.00150224843361713  
6605 0.02271977569103 0.000886347308551194 0.00933702381371371  
6606 0.0733971930631014 0.00219531451602961 0.0285008059681782  
6607 0.0765620206584572 0.00177545911174087 0.0221423160315903  
6608 0.0881377461773809 0.00105931098710244 0.0228904845698699  
6609 0.0854310331196757 0.00147504637152451 0.0234559562172756  
6610 0.0856857841536112 0.000110911639922051 0.0193321509796072  
6611 0.0811318963642407 7.45345356563121e-05 0.0124764304928242  
6612 0.0886917922871362 0.000521777585199779 0.027839312097057  
6613 0.0153836133636105 -0.000293832981469677 -0.00274495773373939  
6614 0.000585524864348486 -2.75747945153171e-05 -0.000214239836168417  
6615 0.00847600457132103 -0.000266993650825498 -0.00209223433557815  
6616 0.000384452687669068 -8.52260203458854e-05 -0.000304743756259995  
6617 0.000217865376342274 -5.57726105938627e-05 -0.000184367436759203  
6618 0.00200207989200862 -0.00040867604587902 -0.00128094925275946  
6619 0.001317217236533 -0.000315620223659607 -0.000897481024367174  
6620 0.00128827270702914 -0.000350956549368675 -0.000857802897371616  
6621 0.00383300444150336 -0.00102088755511431 -0.00202089011509101  
6622 0.00438243117241655 -0.000971029434140291 -0.00251376817868738  
6623 0.0108256143603285 -0.00171995917889944 -0.00374670516612263  
6624 0.0104326026448689 -0.00182541889262211 -0.00184191290463814  
6625 0.0222896430032051 -0.00224787247861968 0.00135986636450944  
6626 0.0238213863349301 -0.00215241561636509 0.00668084644712463  
6627 0.0400961191317037 -0.00143723280598357 0.0225699155635077  
6628 0.0510103957931278 0.000129258293554757 0.0418686333250654  
6629 0.0512926516257721 -0.000362361547104284 0.0366820039467931  
6630 0.0581636446895573 6.88528937189403e-05 0.0410550921251335  
6631 0.0591604330493283 0.00106055777041547 0.0495642233800018  
6632 0.0577321047421719 0.000576636554781018 0.0459510227301498  
6633 0.067129934026525 0.00133790975633019 0.050966416987648  
6634 0.0736163643246073 0.00134415448337677 0.0497397383987838  
6635 0.0798831439397034 0.00178756727564178 0.0497714582961628  
6636 0.0758791526483211 0.00159134264504246 0.050490552090195  
6637 0.0813519174362227 0.00119089553527374 0.0452193091132349  
6638 0.090374285069629 0.0015073494846547 0.0390939332088459  
6639 0.0857691196270025 0.00131529123109431 0.0430993566460522  
6640 0.0910209736048273 0.00105922209081655 0.0302808525475478  
6641 0.0877440040858346 0.000576303459524752 0.0211188137036507  
6642 0.0813852769060759 0.000502291644181696 0.0136527274953545  
6643 0.0526249891527186 -0.000215806572214206 -0.00102609562600309  
6644 0.0364126359904731 -0.000526767052633659 -0.00419833436899369  
6645 0.0246438665794813 -0.000425886017637822 -0.00381284636750939  
6646 0.0372673859224051 -0.000220303613104988 -0.00273582637601083  
6647 0.00675520507775218 -2.42215280081837e-05 -0.000805750010840933  
6648 0.00123364682838201 -3.12013341101647e-05 -0.000319568770009937  
6649 0.0041526661702278 -5.88342774676676e-05 -0.000773092800955055  
6650 0.00199426282415516 -0.000980323879502976 0.00128430188669867  
6651 0.00700080549495397 -0.00149205793468354 0.00479942594756694  
6652 0.00855231629702757 -0.00138064289239992 0.00910946960175321  
6653 0.0195481449127328 -0.00143410664168186 0.0173838127120685  
6654 0.0321514151437441 -0.00105239863387402 0.0268995642750264  
6655 0.0341559242733638 -0.00047266141064034 0.0335293605075998  
6656 0.0440339296965249 0.000109258961174363 0.0409342913371795  
6657 0.0446547691190062 0.000661346802218021 0.0451171418171719  
6658 0.0555367034830851 0.00164547355961986 0.0517874218057835  
6659 0.057129131083002 0.00209121360876452 0.052327607365441  
6660 0.064322745438858 0.00193049566769332 0.0534404516729402  
6661 0.0670858501762268 0.00232047600729857 0.0535062810304219  
6662 0.0710054072951607 0.00263060240649793 0.050702071450359  
6663 0.0771439353866299 0.00229684290479781 0.0519105073108213  
6664 0.081689727236153 0.00247017239053093 0.0392220562243886  
6665 0.0818028504108952 0.00248952229048882 0.0472134851879664  
6666 0.089130147398464 0.00207142830367957 0.0406200699489994  
6667 0.086738087964477 0.0020249742674423 0.0322026378877347  
6668 0.05008813272525 0.000817691428437683 0.00574403403152202  
6669 0.0722494294823264 0.00120451228667656 0.0139716704325107  
6670 0.0153089498353438 1.42007173735692e-05 -0.00116092052167033  
6671 0.040003068785154 0.000380068217509688 0.00122551005551919  
6676 -0.000250261555947873 -0.00051256824963275 0.00254532061353521  
6677 -0.00047449992311499 -7.72951922556331e-05 0.000245949140321472  
6678 -0.00011288823188238 -1.42847305824034e-05 1.13097541714069e-05  
6679 0.00299706021905877 -0.000906509810647549 0.00729657862575529  
6680 0.0131059126479158 -8.43471289044828e-05 0.0254872297264225  
6681 0.00411582929518772 -0.000667903004796244 0.0120478730876241  
6682 0.0140209000346658 0.000341184729791166 0.0279316914202351  
6683 0.0232517288777672 0.000293756837379477 0.0343618261540536  
6684 0.0239221197343795 0.000764226674618784 0.0361289482316348  
6685 0.0353133464695929 0.00125984493752185 0.0434937893296588  
6686 0.0364484147194162 0.00160676099676493 0.0428340907674277  
6687 0.0487748550849574 0.0022484352639367 0.0442765383559157  
6688 0.0468897591981658 0.00217108207925776 0.0364067196715036  
6689 0.0653467613419707 0.00236510481408914 0.0323435827558567  
6690 0.0428961074931067 0.00172374761314131 0.0217201884624952  
6691 0.05660115928913 0.00236352384490601 0.0351560230701573  
6692 0.0537937590233923 0.00160868657530949 0.0161778544339765  
6693 0.0260233675248855 0.000914395488280206 0.00803691125429401  
6694 0.0490290066263697 0.00173012762752472 0.0193613125538827  
6695 0.028489435906522 0.000867883580212947 0.0063741729950379  
6696 0.00690141928680532 0.000190057735267146 0.000629492446591828  
6697 0.00624326225852201 0.000114952042338246 0.000101779981377947  
6704 -8.25173135581281e-05 0 1.48347705817287e-05  
6705 -0.00141722786321452 -0.00014082739812693 0.00264124904322213  
6706 -0.00165193937965569 -5.18210612767689e-05 0.00318611402917665  
6707 -0.000410688276133442 0 0.000169976888912515  
6708 0.00014953602726564 -0.000103041183706409 0.0101917382371538  
6709 -0.00042810953721073 3.66513347624942e-05 0.00885447029850179  
6710 0.00530995671033452 0.000249031479143014 0.0184404258470748  
6711 0.0033199010260887 0.00024604002965134 0.0135476159830431  
6712 0.00937797797359963 0.000525724858789545 0.0169223692391824  
6713 0.0149157563803328 0.000739805525654447 0.0165389130488619  
6714 0.00476760813643295 0.000164050458977272 0.00490568879831699  
6715 0.018883616132598 0.000791079670989292 0.0101088613409955  
6716 0.00365639481105973 0.000135564566306812 0.00167468268750781  
6717 0.00124264037535937 2.52786933288007e-05 0.00082687294286643  
6718 0.0128276608847955 0.000550382685332806 0.00902785241851201  
6719 0.00512145005075126 0.000204176497845765 0.00172836667093179  
8796 0.000850917718068445 -4.95327175968896e-05 -0.000343264808179811  
8797 0.050853242915764 -0.000659312368043175 -0.00311240142036751  
8798 0.0791392594828721 0.000928530464307187 0.0441773235943393  
8799 0.00516220645806698 -0.0004227546111224 -0.00229882657004069  
8800 0.051238347807157 -0.00169201906373939 -0.00510455209587293  
8801 0.0797135297300429 7.64734168114956e-05 0.0338459992817653  
8802 0.00355815994976183 -0.000393022355183348 -0.00180553086465823  
8803 0.0268702286416556 -0.00182091751230473 -0.00676207907963575  
8804 0.0748520756019033 -0.000562875223295123 0.026985028991475  
8805 0.0610488738457207 -0.000424929607561353 0.0345271734158806  
8807 0.0107254550689504 -0.00146468299953995 -0.00433335377238121  
8808 0.000524316956685311 -7.62062082770854e-05 -0.000328958970385429  
8809 0.00312231353740344 -0.000223977526616181 -0.00133767893385084  
8810 0.052103697147686 -0.00122908689900214 -0.00424250066862464  
8811 0.0790256924728965 0.000335746298787853 0.0377911310188202  
8812 0.0703505681412935 -0.000434681195656594 0.0314186425785003  
8813 0.0178527161806414 -0.00157681900873285 -0.00534694073576256  
8815 0.00108722529930105 -6.64635140594783e-05 -0.000445787310127344  
8816 0.0509040885981449 -0.000803310592345952 -0.00353567833371993  
8817 0.0793925594011853 0.000683561835842283 0.0416460655491156  
8818 0.0642212558213942 -0.000420868295805121 0.0337493745428212  
8819 0.011988370965355 -0.0014538918630933 -0.00446747066234839  
8820 0.00785906313110729 -0.000777246372763329 -0.00338374552848109  
8821 0.00279751582797871 -0.000364902689284463 -0.00145385027099126  
8822 0.00154886124227005 -0.000267434391105326 -0.000956745961048069  
8823 0.00141642411705334 -0.000263202646578975 -0.000912742262698954  
8824 0.0149295367441482 -0.00126933341334734 -0.0055578244355276  
8825 0.00803255245614309 -0.000890005123210358 -0.00339933919167384  
8826 0.00539530310857117 -0.000802504601779219 -0.00268660844903942  
8827 0.00489189244194677 -0.000799605855263508 -0.00257845654232376  
8828 0.0665948505265987 0.000363440815362992 0.0429276441427639  
8829 0.0699513467443467 0.000286549935481162 0.041228910995641  
8830 0.0746122530345019 2.11804326681886e-05 0.0361422569567358  
8831 0.078196477229767 -0.000120514698210172 0.0319583378986854  
8832 0.0734410569402826 0.000923791202239954 0.0465609982456945  
8833 0.0755364863352952 0.000710108016960476 0.0438018233362518  
8834 0.0777548828413046 0.000355580265022581 0.0387776341090094  
8835 0.0792553191099614 3.50444352079649e-05 0.0335214536135018  
8836 0.00782286982939695 -0.000334923127638831 -0.0022656094079142  
8837 0.00815608067568974 -0.000374943766132674 -0.00242666336998842  
8838 0.0115586763170086 -0.000641261399778159 -0.00366261023896214  
8839 0.0147669639338801 -0.000943869407137865 -0.00502582010540228  
8840 0.02238746727744 -0.000615637832652283 -0.00446802143051178  
8841 0.0227232338911563 -0.000692893495397584 -0.00476519716539775  
8842 0.0270970731398847 -0.00104042056682374 -0.00620324903138697  
8843 0.0302335518754262 -0.00141543113977616 -0.00753433877252996  
8844 0.0363484787530979 -0.00212385701524909 0.00436546855053117  
8845 0.0399735310020333 -0.00205709760120953 0.00470293582475229  
8846 0.0515740612936497 -0.00185629744191829 0.00784066156484109  
8847 0.0610424948176842 -0.00169637076032814 0.00937532699026564  
8848 0.0872445412551315 0.000294306792739008 0.0266631923077505  
8849 0.0853779124518041 5.38624708497082e-05 0.0253526882588624  
8850 0.081821936993947 -0.000349451394868083 0.0229243383873829  
8851 0.0770204384862154 -0.000831508648843737 0.0193474722400415  
8852 0.0524357960875932 -0.00136187733369297 0.0211257124828982  
8853 0.0562602564459667 -0.00128961332029576 0.0210467275537659  
8854 0.0641254697129625 -0.0010684928702176 0.0227376070470192  
8855 0.0701532691765578 -0.00106727366710402 0.0202067184072794  
8856 0.0215787010456552 -0.00207794703692343 -0.0035337933295526  
8857 0.0236423357291642 -0.00202230346167198 -0.00359829566878068  
8858 0.0322724500292679 -0.00205454626393475 -0.00341699075943361  
8859 0.0428249099729783 -0.00209043854556512 -0.00301838427549278  
8860 0.0842954809832008 0.00059708089882804 0.0369858881967949  
8861 0.0831046697858255 0.000353229282836764 0.0349173391405193  
8862 0.0813299329229267 9.60615425356082e-05 0.0327964429925478  
8863 0.0795403076596131 -0.000163629881171801 0.0303735832712838  
8864 0.0804779708287242 -0.00010504253759791 0.0119317750722978  
8865 0.0793293061797158 -0.000322326073273871 0.0112698640587034  
8866 0.0750880101713847 -0.000856930007103074 0.00926163278927497  
8867 0.0689633985748515 -0.00142411263732356 0.00623170766630152  
8868 0.00807531987425136 -0.000708878768818977 -0.00361167580922486  
8869 0.019983285627859 -0.00134505667165297 -0.00704475769816815  
8870 0.054634298039673 -0.00193493725146254 -0.00525173218920871  
8871 0.0698501630886312 -0.00153459810644563 0.00536274522892136  
8872 0.0819785452240467 7.59418007874046e-05 0.0319112216966451  
8873 0.0793123666633164 -3.1864531138126e-05 0.0326402869723088  
8874 0.0059161218480881 -0.000669599047682823 -0.00293948366743277  
8875 0.010892018822938 -0.00109492696128655 -0.00479700623327525  
8876 0.0298844152453057 -0.00208644765007193 -0.00751969861448787  
8877 0.0456291766390677 -0.0022856791929371 -0.00253684147901417  
8878 0.0182700124018709 -0.0015781665247232 -0.00687309271597777  
8879 0.0758620711123967 -0.000346310886925494 0.0305189454120401  
8880 0.0718918482107256 -0.000823640249109303 0.0254297580177074  
8881 0.0362159417600196 -0.0018079784613293 -0.00897400187386704  
8882 0.059843324821486 -0.00189747416879982 0.00887237177812422  
8883 0.0670983271484147 -0.0013512502409867 0.0184207511701962  
8884 0.0786767163372133 -0.000809256353022647 0.0179766064829883  
8885 0.0824848342272162 -0.000134473985781369 0.0277376593730871  
8886 0.00853703677353224 -0.000698194787673856 -0.00369629376655214  
8887 0.0222448595236528 -0.00134429866466235 -0.00739304660965023  
8888 0.0592998599222483 -0.00173256533526001 -0.00434784046956391  
8889 0.0758991473485366 -0.0011073367904828 0.0082373891782474  
8890 0.0847427239386889 0.000479257061646976 0.0348622248275197  
8891 0.0791492825526348 0.00019783651077887 0.0359758270242301  
8892 0.00543194872204822 -0.000671845318152009 -0.00283765026324562  
8893 0.00998844623359219 -0.00110324399270212 -0.00465262425132107  
8894 0.0277503746301591 -0.00216203956460959 -0.00735543278278822  
8895 0.0425240097929418 -0.00240470292465034 -0.00208396719244824  
8896 0.0170257438398949 -0.00162393233586045 -0.00675249467167338  
8897 0.071863981169372 -0.000363852972441236 0.0328118315519524  
8898 0.0661945647443645 -0.000990264406027563 0.0262367676550632  
8899 0.0393592094733322 -0.00172958350140107 -0.00899004576785981  
8900 0.0553410416250699 -0.00204298293829197 0.00955152962705982  
8901 0.0616301087156899 -0.00151631377048034 0.0189811453747089  
8902 0.0843459580919443 -0.000234008836287103 0.0213558254836235  
8903 0.08675757362289 0.000375550826902327 0.0302759850601425  
8904 0.00576199337751859 -0.000610144700772253 -0.00277963579355872  
8905 0.0107296749282995 -0.00101015237623869 -0.00452420518104202  
8906 0.0183195876820719 -0.00147708709164363 -0.00664983961905852  
8907 0.0302983541341604 -0.0019632428065961 -0.00745753689261658  
8908 0.046965346773959 -0.00214997046987264 -0.00279369510826699  
8909 0.0632968760080672 -0.00171289907666505 0.00920012316782895  
8910 0.0711329491970787 -0.00115160954737803 0.0186286012321935  
8911 0.0758124238525397 -0.000643311715975869 0.0252981900048319  
8912 0.0784778595032734 -0.000245774187533243 0.0298448170033218  
8913 0.0796604221986854 -5.85710722589283e-05 0.0318661089877415  
8914 0.0802478317310431 -5.22032341905287e-05 0.031546003996481  
8915 0.0792260641460416 -0.000340925153977878 0.02774119577225  
8916 0.0739810028189822 -0.00113412452719786 0.0165022919827598  
8917 0.0656789664253665 -0.00172634988666687 0.00444149205577501  
8918 0.0502133464242434 -0.00198329252543783 -0.00556371499260483  
8919 0.0320748566127804 -0.00172804569865559 -0.00843290341435965  
8920 0.0175566011421324 -0.00124168692400428 -0.00633122332146763  
8921 0.0068680772328662 -0.000627050683988273 -0.00315311362282952  
8923 0.00534130894538976 -0.00136575754686419 -0.00131494233937718  
8924 0.00236948924123226 -0.000645796442995561 -0.00151552034549246  
8925 -0.000213452818968562 -0.000134626989392927 0.000104130311456133  
8927 0.00336871814170081 -0.0011599806139202 -3.83380211134571e-05  
8928 0.000846060143885552 -0.000676300696568433 0.000249461825660467  
8933 0.000492489330014223 -0.00014023972846644 -0.000384775546990568  
8934 0.00132379566582586 -0.000569134380384639 -0.000525019564520409  
8936 0.000134397119296636 -7.51417745590288e-05 -5.47025480273494e-05  
8947 0.00266335789615368 -0.000870171304995893 -0.00127790616534194  
8949 0.000516901712387607 -0.000286045777897925 -0.000221743812289819  
8960 9.45595242285435e-05 -0.000133662286543768 -2.97873662020998e-05  
8961 0.000511069884510107 -0.000427147836603581 -8.53621886563391e-05  
8976 -7.63024977885607e-05 -5.76338109254948e-05 5.60904857138667e-06  
8986 0.00130078094287001 -0.000409076865707902 -0.000866490526732416  
8995 0.000223354468019465 -7.56480099113332e-05 -0.000186193724857735  
9022 8.75363228729498e-05 -3.49699720771923e-05 -7.44859769383904e-05  
9023 0.000428370041589687 -0.000154190388599318 -0.000270371712304051  
9024 0.000718179095315463 -0.000273053541775425 -0.000427078039592754  
9025 0.000603073038007551 -0.000245584598985715 -0.000338984735208256  
9026 0.000365845587168678 -0.000156050104237693 -0.00018839897893487  
9027 0.00011730202773208 -4.58815548682878e-05 -4.36768000326992e-05  
9032 0.0016539065836696 -0.000789491552041 -0.000305660922094919  
9037 2.3546019292553e-05 -0.000301582705844794 6.87845249557964e-05  
9039 0.000619371022935411 -3.18778931216457e-05 -0.00023601763609804  
9040 0.0522601942866459 -0.000402987248889985 -0.00192201685422388  
9041 0.0773737159769325 0.00134273087041947 0.048376729082519  
9042 0.0554161194941116 -0.000369994044376654 0.0362924322839566  
9044 0.00718133448071967 -0.0012878498300779 -0.00356748573176463  
9049 0.0156759007593337 0.000342247468324786 0.00113898464132917  
9050 0.0174269722283498 -0.000176124800873367 0.0280778194573937  
9051 0.0541723951617996 0.00237201506206475 0.0479583389096655  
9055 0.0261279358219326 0.0013245498030301 0.0265283994631317  
9056 0.00229782404471734 4.94865086153595e-05 0.0144214065949199  
9058 0.0449167902743284 0.000303881319961563 0.00102611105830835  
9059 0.0700755583425234 0.0021877411963942 0.0536482426832655  
9060 0.0388818847368384 -0.000462871726540526 0.034732427421303  
9061 0.00111145913132304 -0.00023471967642763 -0.000789430634540705  
9062 0.0030125736611808 -0.000602982462851287 -0.00181496975756093  
9064 0.00901071097268868 0.000480443747164827 0.0219275303352331  
9065 0.0290094344118188 0.000781216263476325 0.0394239678280423  
9066 0.0483796743919811 0.000637625126216734 0.0457147857523516  
9067 0.060967106886892 0.000515225545655085 0.0452339029361603  
9069 0.0182185213075172 0.000978403346834966 0.0268459723156408  
9070 0.0414625921339393 0.00168978825149679 0.046177265088772  
9071 0.05902483304817 0.00157730392947997 0.0521324483052005  
9072 0.0695099713175296 0.00120450649365011 0.0497160516824799  
9076 0.00531958390092768 -8.77292894188031e-05 -0.00102836509904591  
9077 0.00827303970186222 -0.000296790455536211 -0.00218286794915945  
9080 0.00163740115308997 2.16257708132161e-05 -6.0729359574907e-05  
9081 0.0183432242108665 -2.43100769239391e-05 -0.00154340743665693  
9082 0.0236305206130965 -0.000509981655795855 -0.00411925712614908  
9084 -0.000862825968482639 -4.59852752641154e-05 0.00062062700536103  
9085 0.000737368677391714 -0.000739572549719014 0.0030959333071222  
9086 0.0100975706181998 -0.00170711594091699 0.0053005974186814  
9087 0.0296001889391846 -0.00219111633214197 0.00678653133945721  
9089 0.0115620156278737 0.000459455065083603 0.00495694532855817  
9090 0.0619023351855503 0.00202936070672871 0.0242209229836583  
9091 0.0896445440921525 0.00181976260955707 0.0324873248452483  
9092 0.0900694120009575 0.0007905908231578 0.0290633248205262  
9094 -0.00115466432612266 -0.000171515874512806 0.00596433791997689  
9095 0.006712846409755 -0.000854945548326214 0.0134370482540189  
9096 0.0245488817945443 -0.00150877923806547 0.0187438057419052  
9097 0.0452064849778253 -0.00138629408866114 0.0228706779053021  
9098 0.0161806526257351 -0.00209862539395544 -0.00217029261693862  
9100 0.0249254220075272 0.00111508859345122 0.0165186422636908  
9101 0.0649339471692656 0.00257259195132065 0.0397661458191574  
9102 0.0844031107826595 0.00223173808990396 0.0472953518292336  
9103 0.0853406278456532 0.00103799717476249 0.0410202876162478  
9105 0.000730724524444781 3.39210165947179e-05 0.000194766684288084  
9106 0.0422727470904647 0.0011465924658296 0.00918094637108857  
9107 0.0762561153751449 0.00106634159919844 0.0142785247771821  
9108 0.0814668725433876 0.000289023868390359 0.0130581373450689  
9109 0.024714791246879 -0.000302332775618197 -0.00326217383917543  
9110 0.00825520658997903 -0.000220182439306882 -0.00188691607036195  
9111 0.000391765675409772 -1.6687994857989e-05 -0.00013722840049013  
9112 0.0184281599240421 -0.00205353641194961 0.00629085443506443  
9113 0.0348146144715429 -0.00148708718643326 0.0216370611451561  
9114 0.0471435400158953 -0.000375925526441334 0.0365520782768264  
9115 0.0545747441301501 0.000617730563647001 0.0462232145655426  
9116 0.0646307006663847 0.00145405370130902 0.0518009414081453  
9117 0.074127432834274 0.00183014749472932 0.052106469149293  
9118 0.0859841533438157 0.00162853858637391 0.0450112005437397  
9119 0.0913657299115584 0.00132932418091514 0.0314156999255026  
9120 0.0806089101115504 0.000713120718614846 0.0141405131435017  
9121 0.0518350679931245 -1.67836251421805e-05 -0.000144174322486368  
9122 0.0121722034098184 3.80535417932037e-05 -0.00082941676510051  
9123 0.00277768340271223 -3.2182835752792e-05 -0.000496200703310024  
9125 0.00439503831285037 -0.00125116670415082 0.00425088414704056  
9126 0.0147414037510316 -0.00128307157501695 0.0161443411489013  
9127 0.0288820820878755 -0.000426351361056787 0.0321801469581255  
9128 0.0402050431148382 0.000699118006877997 0.0440755156450898  
9129 0.0514999156457634 0.00171027821033931 0.0508780713353184  
9130 0.0633909634350402 0.00240935801411979 0.0525599296452123  
9131 0.0775516592675558 0.00263663741134224 0.0457382441454676  
9132 0.0819747363420902 0.00217339636401448 0.0312461603032256  
9133 0.0656707491025372 0.00129866837733056 0.0131403613395371  
9134 0.0339481510573023 0.000428847434477575 0.00138128460457654  
9138 -0.0008165755398295 -0.000322029444646432 0.00196986695300436  
9139 0.00202703752893285 -0.000496797049891029 0.0104836245391196  
9140 0.00941303278432315 -1.5433440353263e-05 0.0226433185016501  
9141 0.0191889444822664 0.00071651055986871 0.0324118995122259  
9142 0.0312322045483597 0.00147404551080399 0.0388238890955105  
9143 0.0426383587755481 0.00204927286904422 0.0397571318462722  
9144 0.0468695684376144 0.00203416060412565 0.0295453757680658  
9145 0.0356257148073382 0.00132765286571151 0.0142244088165169  
9146 0.0159865779048687 0.000542005823490399 0.00372201223672136  
9147 0.00140219330467062 4.72294380529092e-05 0.000159845022722038  
9151 -2.61056100612223e-05 0 1.11863064775619e-05  
9152 -0.0011286321823718 0 0.00112133455240837  
9153 -0.00134239126514046 6.73446064247685e-06 0.00381332514791665  
9154 -0.000142491292152158 2.86272679659305e-05 0.00521980526218613  
9155 0.00226475992002406 9.71654481816131e-05 0.00670892022753833  
9156 0.00491701633433195 0.000187398160221619 0.00662160685897092  
9157 0.0031972895296235 9.44448046311663e-05 0.0025993025342359  
9158 0.000124096295166964 0 6.93821224331259e-05  
10281 0.000490176275775411 -4.84467818751e-05 -0.000275658193913841  
10290 0.00119029879206778 -0.000143604005558018 -0.000692489704306354  
10344 0.001197895197663 -0.000130508964758747 -0.00070055751621112  
10349 0.00240653545790792 -0.000280503324688652 -0.00135055640566881  
10352 0.00038717470731342 -4.98143130442941e-05 -0.000251022159091008  
10360 0.00150691403888459 -0.000158596952473999 -0.000863650352584955  
10361 0.00126513922299409 -0.000126196178399596 -0.00071237859174289  
10370 0.00253971401320996 -0.000316936690694547 -0.00147916273999743  
10371 0.00224641065483411 -0.000305981470887673 -0.00137812166030946  
10376 0.000403352816306324 -5.55471726499945e-05 -0.000271926771574726  
10377 0.000296353717480713 -4.45143150358263e-05 -0.000211205201139819  
