#maletest3:default001
#2218196344960
162 -0.0215468309979769 -0.00573689489063867 -0.0122714038079721  
163 -0.0582755833311239 -0.0168768321886805 0.00161865689005952  
164 -0.05995038587103 -0.0205020081373277 0.0290949759808961  
165 -0.00600251325249701 -0.00360363981326373 -0.00667063815035362  
166 -0.0549110221061255 -0.021575034502348 0.0167248558136637  
167 -0.022291872374808 -0.00448157199093657 -0.010899827885396  
168 -0.0646586487127934 -0.0144669183309816 0.00487141436315153  
169 -0.0573373900328988 -0.0203396471078214 0.0339792900120985  
170 -0.0487536974887917 -0.0226365844173415 0.0231579807068558  
171 -0.00304940770308804 -0.00302975538443206 -0.00461861525127458  
172 -0.0224426925738044 -0.00366559983513071 -0.0098110929707218  
173 -0.066908666092786 -0.0125634173264189 0.00589194277199584  
174 -0.0527130443824717 -0.019389945735945 0.0390584126573688  
175 -0.0437798962484521 -0.0229263998801343 0.0251128838400378  
176 -0.00228364598643793 -0.00309072164327517 -0.00419028491251081  
177 -0.0101489635758298 -0.00589985218721267 -0.00949172800756054  
178 -0.00617194383558228 -0.00557916969955841 -0.007332723987929  
179 -0.00391589778541857 -0.00512165880218163 -0.00596592493639037  
180 -0.016958667986728 -0.00931054380725982 -0.0117860704485792  
181 -0.0103704581870261 -0.00846257884222723 -0.00930290531687197  
182 -0.00730758233885354 -0.00838327946166828 -0.00782844867353558  
183 -0.0462852436357934 -0.0218115711999189 0.034421138416292  
184 -0.0520737177193951 -0.0218749081523129 0.0314688324065175  
185 -0.0577089426044495 -0.0214062739269139 0.0246685612187323  
186 -0.0492380877230971 -0.020094633382822 0.0390864346845776  
187 -0.0553331252010594 -0.0208233317259783 0.0342561879135135  
188 -0.0593465603360528 -0.0207455276540714 0.0285343457944693  
189 -0.0395909324652166 -0.00624972821424308 -0.010594144636343  
190 -0.0389617549990362 -0.00753803708039413 -0.0118706177636341  
191 -0.0364495652929691 -0.00956950981083082 -0.0136022917886293  
192 -0.0558551328986141 -0.00926904377229221 -0.00529301191272658  
193 -0.0538817221085992 -0.0109019309493306 -0.00682857568608575  
194 -0.0486329273917363 -0.0133518636217005 -0.00913479510927562  
195 -0.0260569415838745 -0.0181590198699269 -0.00319705137553672  
196 -0.0302106585140791 -0.0178354053969088 -0.00444380704084305  
197 -0.0360260803113306 -0.0177368663562447 -0.00549761488946376  
198 -0.0656951292985468 -0.0181377971767116 0.0276961355467906  
199 -0.0643577564835596 -0.0190228741298597 0.0263366186042051  
200 -0.0618470198930936 -0.020174635240096 0.0239808766364151  
201 -0.0353104604437249 -0.0217717562154576 0.00892576867772749  
202 -0.0405444060647824 -0.0214506798586171 0.00768120562133862  
203 -0.0468068179175134 -0.0207323033855573 0.00536288571220228  
204 -0.0141616513556073 -0.0127764391399978 -0.00836574679487954  
205 -0.0179858498913745 -0.0127322208973055 -0.00969689286284842  
206 -0.0247404252868364 -0.0133187570336304 -0.0112278466185671  
207 -0.0603080890655292 -0.0190850273988872 0.0340609382365076  
208 -0.0604481973023212 -0.0198422805431164 0.0315824653171151  
209 -0.0602406867860452 -0.0204763640800252 0.0284943925007755  
210 -0.0693880707240169 -0.0160383738466408 0.0199906058069248  
211 -0.0672131650808296 -0.0173918825128112 0.0182351495132027  
212 -0.0624307083387521 -0.0192155433668191 0.0147550276924451  
213 -0.0201152986664965 -0.00671898093878553 -0.0129776038374985  
214 -0.0519385995507946 -0.0183994404185341 -0.00122197114251305  
215 -0.0591729754065646 -0.0210262821750575 0.024368287680318  
216 -0.00878547468345903 -0.0042400829406688 -0.00845761510527149  
217 -0.0303059896207856 -0.0138847335347236 -0.012362925626803  
218 -0.0143961447899414 -0.00679785356624052 -0.0116321773339223  
219 -0.0219393264202949 -0.0101273848376877 -0.0135641042033967  
220 -0.0576411506257841 -0.0214061020399186 0.0186783162189388  
221 -0.0584913481206399 -0.0212948764124121 0.0230833836849345  
222 -0.033182444580234 -0.0109889365867275 -0.0144675152459967  
223 -0.0433465470141527 -0.0148616695373676 -0.0106601312509155  
224 -0.0499026209992053 -0.0201874291697095 0.00305141664284764  
225 -0.0591469273841412 -0.0209933344693809 0.0192789550185355  
226 -0.0554486665614604 -0.0211553854865087 0.0118510901120319  
227 -0.0405966929757184 -0.0176481504549884 -0.00646051171497652  
228 -0.0597157547796159 -0.0208894765197414 0.0237478735743937  
229 -0.0572801726745524 -0.0203849346401057 0.0103186420310524  
230 -0.0233175091173052 -0.00739752785261771 -0.013687867358385  
231 -0.0569511526782662 -0.01798259199726 0.00149631860040261  
232 -0.0580722822085136 -0.0211495218450182 0.0231824852107823  
233 -0.00794255958339818 -0.00462046118900616 -0.00850099976560154  
234 -0.0268735523477517 -0.0148717869160464 -0.0123203562106936  
235 -0.0132243975119763 -0.00757450909077306 -0.0117797343391431  
236 -0.0194740987308251 -0.0110092797640391 -0.0134799204915907  
237 -0.0498697966640975 -0.022889395344464 0.0149024840120549  
238 -0.0540857668870558 -0.0223107081719718 0.0204139662291711  
239 -0.0380729917305871 -0.0118455258902941 -0.0138515333455869  
240 -0.0489439087850769 -0.0153177570546745 -0.00836715678451561  
241 -0.0415739646223301 -0.0210889948630211 0.000528538897924757  
242 -0.0619437740181183 -0.0196687433873635 0.0186322625595496  
243 -0.0461560329272288 -0.0224376743062749 0.00808595958005776  
244 -0.0348528423537573 -0.0185526253080752 -0.0071434835626859  
245 -0.0607383611541081 -0.0201443005037154 0.022416642852477  
246 -0.061083273517418 -0.0192499720169792 0.0116301273956199  
247 -0.00893585644258366 -0.00455878340562776 -0.00882495321820892  
248 -0.0147422096351626 -0.00737305275470135 -0.0121233328572998  
249 -0.0216436432563114 -0.0106549218098735 -0.0138524040685296  
250 -0.0298480142758706 -0.0144074269710472 -0.0126697311425231  
251 -0.0388854256820252 -0.0180059397962395 -0.0072652146918698  
252 -0.0466806463168723 -0.0204374660443136 0.000949281289649828  
253 -0.0518123794018379 -0.0215832770436464 0.00896151147753732  
254 -0.0549604034937374 -0.0218854886115878 0.0156053622322363  
255 -0.0570811428342495 -0.0216260006359335 0.0201998520751661  
256 -0.0586233023335865 -0.0211981349800681 0.0220681764872099  
257 -0.0594966480091728 -0.0208721458607215 0.021437538385044  
258 -0.0592530741344532 -0.0207813944887221 0.0172289925649241  
259 -0.0571051278708978 -0.0203019210739512 0.009152089450254  
260 -0.0519755753797853 -0.0186611177721261 -0.00127391929618154  
261 -0.0436814090098778 -0.0155310725399431 -0.0103362248391931  
262 -0.0335066502293557 -0.0117354147655533 -0.0145612367232388  
263 -0.0202616988508453 -0.00721049841513377 -0.0133424201630987  
264 -2.4085039711963e-05 -0.000372567500448895 -0.000390663257178403  
265 0.000628814866445282 -0.00334129924226545 0.000426195803498803  
270 7.44400790395616e-05 -0.000218971663372258 -2.89239083599568e-05  
272 0.000376708281919491 -0.00140033086427138 8.69116456669872e-06  
280 6.96685978542888e-05 -0.000160944838981436 9.85108920659172e-06  
281 0.000429563477538863 -0.00120431196978643 0.000237923344457158  
301 2.34185079861504e-05 -8.02469978609111e-05 -2.70223785321377e-05  
302 0.000466592446400682 -0.00330068004450368 -0.000241851621012739  
318 2.61701708836881e-05 -0.00060000292032214 -0.000505134072909637  
319 0.000376056836500993 -0.00179723183055103 -0.000218685890558831  
321 0.000119859399774214 -0.00452390781856593 -0.00127107499520205  
322 9.22677595553978e-05 -0.00285838313652675 -0.0014809841572969  
323 0.000331456125877594 -0.00475762332052909 -0.000459226568977981  
324 0.000184858163549961 -0.000711936594314011 -0.000141665427918269  
326 6.52322518135406e-05 -0.00161504238087673 -0.00110578529347548  
334 5.97325794799985e-05 -0.000224429769588141 -0.000123656882578871  
335 0.000161645457126269 -0.000616919341496214 -0.000271956197821055  
336 0.000235849626989193 -0.000868912416933654 -0.000289565300363413  
337 0.000236324091247297 -0.000799898102400221 -0.000216145483818764  
338 0.000179325352206661 -0.000553246052731993 -0.000138336658778826  
339 7.79482220778505e-05 -0.000223487171439274 -6.16887274844657e-05  
347 0.000497914232937546 -0.00574775371342184 0.000917750295229812  
350 0.000765285949000827 -0.00289582199843608 0.000836157431677986  
354 -0.000525712508306242 -0.00688913405883795 -0.00151714857247494  
355 -0.000320424813025966 -0.00373447905894864 -0.00227637535590473  
356 -0.000171984053622509 -0.00186831248151975 -0.00158746976694601  
357 -8.20333572733034e-05 -0.000693066533408171 -0.000738604183197824  
358 -1.09003208308422e-05 -0.00777580929570831 0.00120128058551931  
361 0.000809597384204608 -0.00482447213789783 0.00153102823514932  
364 0.000332736115922216 -0.000778776900460798 0.000265363506741778  
365 -0.0221142869963842 -0.00318406914220759 -0.00911050990362128  
366 -0.0680596651764063 -0.0111967084503704 0.00712081713027163  
367 -0.0500406305757224 -0.017468368481218 0.0417322101776565  
368 -0.00192992733627761 -0.0030451343468485 -0.00395069772173426  
369 -0.0381576774125278 -0.022805097519722 0.0275557698240336  
370 -0.0144383113529329 -0.00115697353703581 -0.00493894204191747  
371 -0.0652721929463951 -0.00625406755534641 0.00975575367374426  
372 -0.0373825246329034 -0.0128960141734069 0.0409147721657065  
373 -0.0209572832482081 -0.0198855836515577 0.0263315899755982  
374 -0.000688391409312317 -0.00339023346850809 0.00638573937612821  
375 -0.00197537941241421 8.4662489399534e-05 0.000577758792687177  
376 -0.00995597577821172 -0.00273638321141334 0.0150054253772396  
382 -0.00212936980523182 -5.53909396217023e-05 -0.000626861692353486  
383 -0.041798739591286 -0.000990494631878391 0.00878919416527435  
384 -0.0235280398323994 -0.00778200044442201 0.0311978621102754  
385 -0.00668608967498585 -0.0120124831591966 0.0183353253414681  
386 -0.00316021427215674 -0.00495703777596646 -0.00547343710513815  
387 -0.00539045814593919 -0.00806256701980601 -0.00687900046614229  
389 -0.00317925557101262 -0.00383595497123679 0.0105430357143632  
390 -0.01388822968147 -0.0120278223220112 0.0270212825889759  
391 -0.0284117224673537 -0.0182222454386647 0.0358249079499731  
392 -0.0413588329591619 -0.0211825498795477 0.0363993425453375  
394 -0.00635530213071434 -0.00346128049682903 0.0134209986790666  
395 -0.0189715341475676 -0.0100384872755512 0.0305436988855946  
396 -0.03289429933875 -0.01517091318658 0.0399734807433563  
397 -0.0449948560402618 -0.0187147590292014 0.0413189940300074  
400 -0.0139137437126919 -0.000196362952010531 -0.00169875005940412  
401 -0.0326805753629742 -0.00224721196991595 -0.00547668561921444  
402 -0.0402867287129993 -0.00558489739887591 -0.0096519107091807  
405 -0.0270231404279002 -0.000285965486909845 0.000960581357503543  
406 -0.0499909081327132 -0.0035980326574645 -0.000800845107733095  
407 -0.0566535085636133 -0.008340254684299 -0.00422132954190579  
410 0.000831835461212904 -0.00363364940935185 0.00203564618868769  
411 -0.00245105947260527 -0.0122260480202385 0.00459720107346591  
412 -0.0210618426062865 -0.0196475441480288 0.00128418791200613  
414 -0.0137398588908582 -0.000328949898630526 0.00926204345159931  
415 -0.0456299187808327 -0.00452662488351052 0.0287573447349132  
416 -0.0635366696492383 -0.0116945149693493 0.0358482922092664  
417 -0.0662087602413521 -0.0171317102835928 0.0305592605286622  
419 0.00032935341045004 -0.00148268966029264 0.0018931761668597  
420 -0.000922012120554427 -0.00849312181884443 0.00850233494569257  
421 -0.0108043019072284 -0.0179853386225659 0.0143052749853894  
422 -0.0309162951780309 -0.0224305084502703 0.0133253164276541  
423 -0.0116337802000999 -0.0139435558000969 -0.00639485017018152  
425 -0.0153306104971307 -0.00177945623727283 0.0157382787787694  
426 -0.0342893317420021 -0.00674285908098682 0.0333944625795084  
427 -0.0482889707946015 -0.0126627038289371 0.0411584895337003  
428 -0.0584110139245695 -0.0179484709483404 0.0375647525152092  
430 -0.00761226933786929 0.000137269326387468 0.00350450396081214  
431 -0.050006177252726 -0.00274935435299994 0.0204428919049917  
432 -0.0698921842358686 -0.00911777856617846 0.0243811915929656  
433 -0.0709868590170117 -0.0144296507096442 0.0215599178142158  
434 -0.0395812329497858 -0.00428150391257986 -0.00795648358871393  
435 -0.0199155624823106 -0.00224757471823978 -0.0074641535538833  
436 -0.000703060692558211 -0.00197636608800167 -0.00232184703645542  
437 -0.00119285822222537 -0.00347245236935123 -0.00342993797448796  
438 -0.00207543450073899 -0.00608120376818988 -0.00444179599526247  
439 -0.00433131373983997 -0.0114884787144547 -0.00306258831096777  
440 -0.00927613077419664 -0.0170992034327355 0.00429240383527951  
441 -0.0196679117170788 -0.0212316945635393 0.015400955076416  
442 -0.0293724265557103 -0.021720078096223 0.0285740442513999  
443 -0.0345270159759821 -0.0197107529156142 0.0371982065089471  
444 -0.038961030019891 -0.0168930564706535 0.0416400000685828  
445 -0.0440020733934716 -0.0150308473232599 0.0425494349378825  
446 -0.0541503483129873 -0.0153594741250345 0.0408596504012168  
447 -0.0661543191272358 -0.0147614209108724 0.0342460407118781  
448 -0.0717387126223912 -0.0118310004822888 0.0232653132665918  
449 -0.0682456427148281 -0.0088994442285184 0.00887171283466165  
450 -0.0563082865883189 -0.00644705405829882 -0.00239745194630814  
451 -0.0244254770141197 -0.00102915808020043 -0.0035828511372531  
452 -0.0085658827788393 -0.000475397177240211 -0.00275490361491393  
453 -5.17043349645974e-05 -0.0084175661709196 0.00420648027557041  
454 -0.00458877410346759 -0.0136178878462943 0.0118571460477598  
455 -0.0136253981172558 -0.0170436818561939 0.0232018636361319  
456 -0.0220448720392596 -0.0161587130207863 0.0330118421316003  
457 -0.0264504518900139 -0.0130940359007639 0.0366116966324627  
458 -0.0307254134029336 -0.0105870642210846 0.0372632796861582  
459 -0.0421142204277203 -0.0097763281155494 0.038754750899898  
460 -0.0570942738115718 -0.00818095207068836 0.0345454683993014  
461 -0.0644268803553132 -0.00622160625061952 0.0241593290884341  
462 -0.0579360186175109 -0.00360697441010416 0.00986097969325783  
463 -0.0401829801558051 -0.00163692111254932 0.000136007887704293  
464 -0.000261851182287387 7.76783317490981e-06 -1.94174145331516e-05  
466 0.000296333374933511 -0.0006856609846011 0.000432720668800179  
467 0.000291979974008427 -0.00430876157702187 0.00493278245039621  
468 -0.00270675867704995 -0.00725882967890357 0.012392940967402  
469 -0.007310676949146 -0.00747395487962876 0.0186581026791829  
470 -0.0119107861487464 -0.00647383680296798 0.022153522415465  
471 -0.0169347323089823 -0.00515271570429832 0.0239001868685592  
472 -0.0255795081566248 -0.00400810054270551 0.0256403273687057  
473 -0.0300340080127626 -0.00170813541899406 0.01930525937496  
474 -0.0264682871033983 -0.000309881065732043 0.0112248564719266  
475 -0.0185352840489941 0.00024307767699483 0.00468301684297501  
476 -0.00810196910390459 0.000213438720265913 0.000714692087058211  
481 1.37497991374858e-05 -0.000280619289757311 0.00059443930638281  
482 -0.000268919196514616 -0.000449031564286884 0.00142549035535922  
483 -0.00102072875660042 -0.000566450622804027 0.00264393488305359  
484 -0.00193478420855797 -0.000453318808013137 0.00325664292677175  
485 -0.0033015035637618 -0.000258856369327987 0.00366677250633529  
486 -0.00167419570358973 2.81588319239745e-06 0.00125138175189932  
1587 -0.00760360569120166 -0.0021368306952354 -0.0059465555150382  
1590 -0.00304148255452219 -0.00185102508362434 -0.00382890312221207  
1592 -0.00711284511510257 -0.00153388165804813 -0.00489775310325058  
1596 -0.00124714677025395 -0.00126551564176225 -0.00219782370231769  
1597 -0.00681386508142623 -0.00121532784089595 -0.00427607493656978  
1601 -0.000748350347464566 -0.00104466350444454 -0.00166990114246346  
1602 -0.00043316107235114 -0.000273594755213935 -0.000638989766912346  
1603 -6.39027211004617e-05 -6.42740591629831e-05 -0.000129075519978983  
1614 -0.000118421591901452 -2.33918146324008e-05 -9.5018323122531e-05  
1615 -0.000313647479032397 -7.33962652539333e-05 -0.000272245091991863  
1616 -0.000461085669925865 -0.000140480705553614 -0.000455797285667359  
1638 -0.00703315690986983 -0.00246144290827033 -0.00621768985365645  
1641 -0.00439381927333216 -0.00218922392332388 -0.00488792981286687  
1643 -0.00097754447438092 -0.000516126294940022 -0.00127474528699167  
1647 -0.000523322731979192 -0.000197196954971446 -0.000579097737045231  
1655 -0.00815506501908203 -0.00273863521852036 -0.00686162040801719  
1658 -0.00371798328052364 -0.00222985817913468 -0.0046461955862469  
1660 -0.000817827018920525 -0.00051537110158506 -0.00118834586055527  
1664 -0.000606978747413223 -0.000221832814588652 -0.000652117243134853  
1672 -0.00424000004143976 -0.0022366493158188 -0.00489171937624641  
1673 -0.000977836058623893 -0.000543840553433483 -0.00131195286621733  
1687 -0.00057624273190271 -0.000231907511505369 -0.000658567001210031  
1688 -0.00712982205868684 -0.00266614458837466 -0.0064922884812405  
1790 -0.00615763091127519 -0.000986979824006085 -0.00371213161542983  
1793 -0.00055918781828268 -0.000913670240493047 -0.00141092565286272  
1795 -0.00104853661228788 -0.000102251384532792 -0.000557425371425779  
1860 -0.00376814375681533 -0.00048901094453413 -0.00214302355107066  
1861 -0.000189825785639641 -0.000560887630626894 -0.000761330100658597  
3171 -0.0140641685206901 -0.00383260536557373 -0.00949258736909564  
3172 -0.0292852174830784 -0.00770338107098922 -0.0136965314563895  
3173 -0.0550001621213596 -0.017732375516772 0.000145203899592328  
3174 -0.059562063613761 -0.0208157965965086 0.0266342728732527  
3175 -0.060121711943566 -0.0204753110843399 0.0288505682716507  
3176 -0.00429375403655285 -0.00322104752694941 -0.00547621326404635  
3177 -0.0525093403994106 -0.0221338604506514 0.0197338391808446  
3178 -0.0568105275699509 -0.0215220582067559 0.0213394559873452  
3179 -0.0557215156560034 -0.0212621724822384 0.0140648064634663  
3180 -0.0219903921168907 -0.00517322024339606 -0.0117028579359156  
3181 -0.0307367635655282 -0.00599772169766766 -0.0120954360882023  
3182 -0.0598662952497762 -0.0126286707127292 -0.00191973530309031  
3183 -0.0616218614995887 -0.0158046756487238 0.00328157594049133  
3184 -0.0562438256465612 -0.0205511016218658 0.0344342713160588  
3185 -0.0586599776605112 -0.0205360915922093 0.0313883598778377  
3186 -0.0453304260772143 -0.0224038649976137 0.0155291464579935  
3187 -0.0456945433579676 -0.0228656888725709 0.024406169995473  
3188 -0.0506859923116281 -0.0223345297738433 0.0282272021885011  
3189 -0.00240214719474352 -0.00301368654254475 -0.00421184573406205  
3190 -0.0137831642980473 -0.0023409999953401 -0.00733965494009681  
3191 -0.0223695107747517 -0.0038940142676438 -0.0101314091554059  
3192 -0.0311862746821134 -0.0049574307677176 -0.0108819433662574  
3193 -0.061996158605325 -0.0107623025050998 -0.000543873960850538  
3194 -0.0663370408528863 -0.0132102551233402 0.00566372543107735  
3195 -0.0517495275289548 -0.0186560529308792 0.0403969664548643  
3196 -0.0544828029333075 -0.0199203379329163 0.037301443102024  
3197 -0.0402998820560754 -0.0227628074235326 0.017162906486192  
3198 -0.00787488189621399 -0.00466213315576169 -0.00809435447263235  
3199 -0.013611791061976 -0.0076480828683998 -0.010982366729877  
3200 -0.0126917297972895 -0.00633988804111141 -0.0107649933806897  
3201 -0.00445822249069749 -0.00523600381484357 -0.00631686864471703  
3202 -0.00806950690048325 -0.00696561628046766 -0.00842652428400464  
3203 -0.00782924061036283 -0.00556792795941874 -0.00820208279765205  
3204 -0.0044369378141198 -0.00422085837226405 -0.0060041625856684  
3205 -0.00364228220269069 -0.0050776196330844 -0.0057955907923315  
3206 -0.00523876616753682 -0.00651983194984496 -0.00689770192548161  
3207 -0.00299663714687881 -0.00400266852466302 -0.00505579026958  
3208 -0.020356233741623 -0.0098276308262939 -0.0129226878852932  
3209 -0.0136608609018367 -0.0104617785436858 -0.00987742518918813  
3210 -0.0132778216352563 -0.00870281897095992 -0.0103976364407572  
3211 -0.00811759887676544 -0.00839683567755856 -0.00825252164941045  
3212 -0.0449957696637284 -0.0224487236209825 0.0307913334481784  
3213 -0.0443061162441154 -0.0216177264554176 0.0353444509673867  
3214 -0.0485267262265552 -0.0219028414740023 0.0335196582805113  
3215 -0.0558780126951319 -0.0216410955939068 0.027760937785388  
3216 -0.0476886275628203 -0.0209478648057484 0.0372394055366387  
3217 -0.0475044028517004 -0.0195842488721212 0.0401906526021779  
3218 -0.0509786192069441 -0.0195010664116637 0.0396710673485361  
3219 -0.0534736131016871 -0.0214230805472653 0.0331712097522543  
3220 -0.0515486036470065 -0.020480617127177 0.0375974988237433  
3221 -0.0585921305391821 -0.0211021745813014 0.0268513760096882  
3222 -0.0581093877802772 -0.0207759273769978 0.0312402171271062  
3223 -0.0597350965577448 -0.0205626272628763 0.0291444751654242  
3224 -0.0399374696153245 -0.00600482905429089 -0.0102482246420549  
3225 -0.0468299529784417 -0.0091858913847318 -0.0101247831698856  
3226 -0.039330988738584 -0.00660961022094853 -0.011001314560417  
3227 -0.0348593223179705 -0.0103200068433722 -0.0141180737246031  
3228 -0.0428335718361268 -0.0114433765688915 -0.0120999458486038  
3229 -0.0377888024295316 -0.00866135796815115 -0.0128780988343351  
3230 -0.0562538286931158 -0.00891936141196936 -0.00487036130834873  
3231 -0.0481911000351829 -0.0076792999443569 -0.0086967119568726  
3232 -0.0512871290129624 -0.012273397927288 -0.00810974022897409  
3233 -0.0553296471171052 -0.00977824346409761 -0.00577277911361285  
3234 -0.0460489876786596 -0.0141693934562284 -0.00995948181662232  
3235 -0.0538977756696113 -0.0151328052676121 -0.00458653114765162  
3236 -0.0199840348268481 -0.0155676630729431 -0.00681935911961762  
3237 -0.0311763388495478 -0.0202627651053717 0.00234732018725503  
3238 -0.0238187584673142 -0.0153528032224131 -0.00801006674373622  
3239 -0.0276353346773703 -0.0179514699120773 -0.00378244230341793  
3240 -0.0359688748285407 -0.0199294695994467 0.00122428688337117  
3241 -0.0332105763336585 -0.0177892893334501 -0.00487904212604906  
3242 -0.0391882814541162 -0.0176618648501972 -0.00594640475537733  
3243 -0.0652158558368683 -0.0184784606287849 0.0270298087671306  
3244 -0.0678079211193108 -0.0172671706459369 0.0244251598907967  
3245 -0.0631513579872376 -0.0196299401521145 0.0253695103519933  
3246 -0.0601787957079978 -0.0207134222352749 0.021440838072522  
3247 -0.0609630823865359 -0.0203728254602993 0.0267735622874172  
3248 -0.0624118382916095 -0.0198341613594053 0.0196928794612179  
3249 -0.0370735856590727 -0.0216886695524323 0.00844070440871308  
3250 -0.0439952746783092 -0.0211229873420962 0.00661628313901036  
3251 -0.0419220173307622 -0.0195341739263313 -0.000305968462271017  
3252 -0.0514108811471488 -0.0214312042480742 0.0112483239927318  
3253 -0.0492999564064576 -0.0203834402454959 0.00427254179794562  
3254 -0.00997390280008403 -0.0103242172226601 -0.00839992120017989  
3255 -0.0153310120285255 -0.0127229592544609 -0.00881717463562373  
3256 -0.0202349713817966 -0.0110522400173068 -0.0119467311305924  
3257 -0.0213195429696498 -0.0129530612794042 -0.0104338050368823  
3258 -0.0302388075378985 -0.0156533314566332 -0.00908580531176978  
3259 -0.060346809281782 -0.0194377839611661 0.0330915894701322  
3260 -0.0558433322261465 -0.01932975795728 0.0373580514915377  
3261 -0.063465565499655 -0.0186309913046898 0.0306706863626689  
3262 -0.0586005130097773 -0.0201635337053858 0.0330563703937516  
3263 -0.0625164730445249 -0.0194582278941198 0.0292196881339353  
3264 -0.0602849838392103 -0.0202228446971731 0.0301737644876996  
3265 -0.0686241795838214 -0.0165626590460306 0.0193776256228377  
3266 -0.0700451384236658 -0.0154719865358857 0.0205664279678787  
3267 -0.0696519442917634 -0.0144788151173998 0.0139612093353209  
3268 -0.0650393600167263 -0.0183417370540155 0.0166470011317872  
3269 -0.0660229908812653 -0.0184012965037255 0.0228221307806964  
3270 -0.0671286866199807 -0.0161387393354744 0.0123613127580032  
3271 -0.0612187534152326 -0.0182757448224038 0.00858755005901946  
3272 -0.0129829407100885 -0.00443272409734163 -0.00994465725307231  
3273 -0.027098194037535 -0.00897468338143881 -0.0144766341545618  
3274 -0.0209422221719251 -0.00624719031827681 -0.0126890177398309  
3275 -0.0477479580513318 -0.0167763338859004 -0.00667348213028141  
3276 -0.0505874219424953 -0.0187044484746366 -0.00191696982074047  
3277 -0.0587942871930949 -0.0211453478386829 0.0239938716854342  
3278 -0.0113221723863255 -0.00540950422782771 -0.0100778376206562  
3279 -0.00905420090628084 -0.00442239796348076 -0.00874148126968061  
3280 -0.0076226616797257 -0.00390438986323716 -0.00767910779131847  
3281 -0.0285163755200983 -0.0136897146303454 -0.0118640273140043  
3282 -0.0149402626720132 -0.00713889368307719 -0.0120282098487224  
3283 -0.0259213815048724 -0.0119099381536216 -0.0134673333523096  
3284 -0.0179661681335404 -0.00839620090664539 -0.0128747436647245  
3285 -0.0581917553135156 -0.0213480931929553 0.0211822580081391  
3286 -0.0566637786759543 -0.0215455965776528 0.0167381724527333  
3287 -0.0568806730518645 -0.0213279758049794 0.0156316734392024  
3288 -0.0578417334280203 -0.0214179976264859 0.0212983187811917  
3289 -0.0579859502583133 -0.0213915604006161 0.0211303145151762  
3290 -0.0588588584516381 -0.0211486634825633 0.0255125131388925  
3291 -0.0382486382713978 -0.012882251928886 -0.0132681172908631  
3292 -0.0530420965992739 -0.0207729191638464 0.00749273080509771  
3293 -0.0488399085880928 -0.0202026271817886 0.00179838030453555  
3294 -0.0456632104762775 -0.0191177008773593 -0.00189995698019604  
3295 -0.0585448592638045 -0.0210769253365015 0.0177383713325983  
3296 -0.0404043230402031 -0.017778957477276 -0.00694337428285485  
3297 -0.0353858453345808 -0.0158914623334567 -0.00996605333057218  
3298 -0.0596446599403961 -0.0209274964068413 0.0223545601202206  
3299 -0.0593973716601539 -0.0209756405467374 0.0221852971735645  
3300 -0.0595662197273743 -0.0209109574252011 0.0243216369344739  
3301 -0.0602265134432596 -0.020678513466426 0.026007521409497  
3302 -0.0552046863861513 -0.0196046916828436 0.00470619964471575  
3303 -0.0584543012601557 -0.0208271229222419 0.0151649071849536  
3304 -0.0596601559964256 -0.0198988146577221 0.0123917572200301  
3305 -0.0250065940849709 -0.0074463108769578 -0.0137343222959315  
3306 -0.0217249565621387 -0.00731792740543824 -0.0135494909263798  
3307 -0.0591452139926787 -0.0175106731302748 0.00296660359163087  
3308 -0.0594576102644169 -0.0187895399998297 0.00681992449972335  
3309 -0.059688904630093 -0.0205673327234166 0.0232316534147687  
3310 -0.0577637895019052 -0.0209793125325177 0.0243678963906862  
3311 -0.0073485975276526 -0.00459576276125517 -0.00823905133256625  
3312 -0.00846181712017824 -0.00459682050086485 -0.00867784053298232  
3313 -0.0309366781993958 -0.016830766631756 -0.0101985169458202  
3314 -0.0252397595761522 -0.0150463488225796 -0.0120286234196099  
3315 -0.0123096934544265 -0.00759588898836228 -0.0114942145301029  
3316 -0.0104585584057304 -0.00603290426897729 -0.0102712288990005  
3317 -0.0230163997657655 -0.0128935145057767 -0.0133633679215563  
3318 -0.0182095200680124 -0.0110893928485893 -0.0131832545023371  
3319 -0.0162288756232556 -0.00923345457431424 -0.0128803952952693  
3320 -0.0206381944550458 -0.0108668511193173 -0.0136881648049893  
3321 -0.0467742124328652 -0.0233642156963469 0.0148344279730284  
3322 -0.0562900469230954 -0.0217599615257313 0.0223182022548374  
3323 -0.0523704630587076 -0.0226682313605124 0.0212133684635776  
3324 -0.0518680125560422 -0.0227568523923765 0.0179154933593966  
3325 -0.0556934934917308 -0.0219732115169791 0.0200016711714854  
3326 -0.0313384422609033 -0.00979497207777058 -0.0146427260769996  
3327 -0.0403082799316508 -0.0117607604792056 -0.0132872031681471  
3328 -0.0357727567858319 -0.0118441910734646 -0.0142813260608817  
3329 -0.0437520027344362 -0.0136297874590348 -0.011774337668612  
3330 -0.0512135233154822 -0.0150129510462307 -0.00735254232131388  
3331 -0.0533756211607397 -0.0168045386978974 -0.00382285229716192  
3332 -0.0441082977722544 -0.0218850118653791 0.00439861941413272  
3333 -0.0390300379492601 -0.0213868501778052 0.000703666526533364  
3334 -0.0384366100979605 -0.0199891503452818 -0.00344529295398366  
3335 -0.0618503632886132 -0.0194981136144534 0.0155086465674688  
3336 -0.0632118907135464 -0.0188787025936108 0.0198648983769092  
3337 -0.0615138009688962 -0.0198309901647278 0.0209572097428465  
3338 -0.0479305480719177 -0.0227787859348609 0.0114958954873149  
3339 -0.0430736940916177 -0.0227965786962159 0.0079055581118157  
3340 -0.0490588217007826 -0.0220137862170304 0.00832857069326598  
3341 -0.032787845432722 -0.0187928516152169 -0.0068355577168403  
3342 -0.0614204372895983 -0.0195340824197956 0.0236459533025484  
3343 -0.0600396397280747 -0.0205799825333717 0.0215465723451873  
3344 -0.0629537564163911 -0.0185955493105894 0.0131412896116674  
3345 -0.0140963004361652 -0.00752055969860521 -0.0120162473012897  
3346 -0.0116584963458735 -0.00588551592318254 -0.0105786629055728  
3347 -0.0181096701146544 -0.008983560283923 -0.0132679379862565  
3348 -0.0222035243880612 -0.0104032924045896 -0.0138310099173395  
3349 -0.0284946038959788 -0.0146822331626026 -0.0125266231843851  
3350 -0.0255864931825727 -0.0124845891477889 -0.0137594288316904  
3351 -0.0306919860059267 -0.0141438000882772 -0.0126164460161816  
3352 -0.0368864849588135 -0.0182723510170035 -0.00732174246513739  
3353 -0.0344502311111228 -0.0163341800525814 -0.0104473151295677  
3354 -0.0495335257394665 -0.0211370062406786 0.00506256626249546  
3355 -0.0440750327907153 -0.0207521010734126 0.000518592372827864  
3356 -0.0431019451570407 -0.0193998669137727 -0.00329111445171268  
3357 -0.054065283492605 -0.021248319910228 0.0100671586842512  
3358 -0.0525240212400604 -0.0223870540585267 0.0150194061279765  
3359 -0.0535389559208284 -0.0218276080913711 0.0124708292532889  
3360 -0.0578305753795121 -0.0214037101677604 0.0214667500258658  
3361 -0.0560490206855775 -0.0218214245692252 0.0182228787271017  
3362 -0.058298438864739 -0.0211813532398537 0.0222215649291686  
3363 -0.0588756416281626 -0.0211227171233759 0.0227341903569143  
3364 -0.0591761996236642 -0.0209609182178951 0.0220025813641771  
3365 -0.0583970815504813 -0.0206496078322864 0.013473016142598  
3366 -0.0605154207158876 -0.0202798190199331 0.0175776451578715  
3367 -0.0595833229890523 -0.0208166315270546 0.019985240451206  
3368 -0.0590574708974145 -0.019806182028006 0.0101075276215854  
3369 -0.056161654002068 -0.020533551697099 0.00900533206004214  
3370 -0.0544868991300973 -0.0183635817856782 -3.48227149499225e-06  
3371 -0.0549621428106519 -0.0196547312157236 0.00408130237042337  
3372 -0.0464468883483278 -0.0154960984573336 -0.00936768702376856  
3373 -0.0480280016643064 -0.0172443666065192 -0.00635966726827042  
3374 -0.0421154941750501 -0.0153254706101507 -0.0109041271325622  
3375 -0.0387480232584494 -0.0136463678240943 -0.0131145096347607  
3376 -0.0323487220221068 -0.01149484587404 -0.0146257474771118  
3377 -0.0274207432039475 -0.00962953268299316 -0.0147597809846046  
3378 -0.0196137344137242 -0.00704861079157126 -0.013151384468074  
3379 -5.20964618431208e-05 -0.000587090856924988 -0.000609971575158848  
3380 -1.08311421342933e-05 -0.000638828513785938 -0.000591514750567509  
3381 0.000618390289901072 -0.00234635649826487 0.000414754183793789  
3389 0.000146024888081797 -0.000504629248951005 -8.03734044438897e-05  
3390 -1.31074612319537e-06 -5.54801256313908e-05 -5.96544572903919e-05  
3393 0.000519026596407457 -0.00219150595603423 0.00014370718577085  
3394 0.000217439768960048 -0.000711460411082498 -4.23383419274614e-05  
3395 0.000257543752127276 -0.000756142844636543 3.46059542835064e-05  
3408 0.000216908693403184 -0.000542664454542319 7.17106913157295e-05  
3409 9.55838948044629e-05 -0.000201544224310624 4.02950696525295e-05  
3453 9.33399464031481e-05 -0.00033391956816331 -8.6048298157948e-05  
3454 2.43995098330174e-05 -8.08603737638691e-05 -3.00053256410138e-05  
3457 0.000432647420439025 -0.00412138431784115 -0.000292883556539867  
3458 0.000408716136917064 -0.00234188662943779 -0.000441006984715376  
3459 0.000438316256236249 -0.00249668249625756 -0.000228332507049338  
3460 0.00053997988629817 -0.0036781130233976 0.000141182272727761  
3491 0.000317074214535751 -0.00146127141670149 -0.000304503715142332  
3492 0.000395450768280625 -0.0017111559402565 -8.8708100065546e-05  
3493 1.00044183852788e-05 -0.000158688432779996 -0.000142267599784418  
3496 -0.000212621048603978 -0.00587141565711136 -0.00145356123948656  
3497 0.000106056408526456 -0.00366719369776547 -0.00150402564372596  
3498 8.21492567411042e-05 -0.0021237421076421 -0.00129946901461152  
3499 0.000241785886942125 -0.00195915434301241 -0.000922172016089448  
3500 0.000209732520261241 -0.00499442909131176 -0.000807461099384427  
3501 0.000306916601857665 -0.00576840688745506 0.000165502995059827  
3502 0.000288267842904588 -0.00123300807001669 -0.000191361952602165  
3506 -4.50728521741439e-05 -0.00170536323474835 -0.00131527776647999  
3507 4.43715567257641e-05 -0.0011441269119814 -0.000866207854187445  
3517 5.22087245968805e-05 -0.000412596730171799 -0.000308224092520959  
3520 0.00014600441335233 -0.00110794292254468 -0.000673019097121134  
3521 2.19651906192553e-05 -8.21981347698397e-05 -4.98187597202104e-05  
3523 0.000110767289029923 -0.000419955541161698 -0.000207879507570397  
3525 0.000204523240370236 -0.000775084056442665 -0.000299909871273485  
3526 0.000352668272626033 -0.00287545676815171 -0.000885833512256774  
3527 0.000245269586429231 -0.000868128420449921 -0.000254697241643974  
3528 0.000418506958794751 -0.00299713523372702 -0.000613072812598127  
3529 0.000206247265580828 -0.000660592607061972 -0.000167047395507325  
3530 0.000130819568681773 -0.000389545266301639 -0.000101540093453423  
3531 3.02546905501799e-05 -8.1992077987536e-05 -2.37397221169999e-05  
3532 0.000174104102626416 -0.000650546338476943 -0.000164961780001249  
3548 0.000638162922541596 -0.00445060071888292 0.000709917480435272  
3549 0.000258205474438 -0.00679251907877187 0.000961199979428821  
3552 0.000625336926759701 -0.00200614275740918 0.000509055950374218  
3553 0.000442149938919556 -0.00113984122162947 0.000331904563267899  
3554 0.000826142958203491 -0.00381781190162656 0.00117522751588697  
3555 0.000745558767675902 -0.00449905944242346 0.0011081613267834  
3558 -8.55439476481479e-05 -0.00326755308242355 -0.00185668918106783  
3559 -0.000420588513634357 -0.00523060948671628 -0.00225071018530795  
3560 -0.000229315402748398 -0.00257109937354016 -0.00193580153722904  
3561 -0.00039828918454532 -0.00223008324906004 -0.00206034410962274  
3562 -0.000129109465206056 -0.00128613436777414 -0.00121060635592584  
3563 -2.55735592631368e-05 -0.000211590468957468 -0.000249668438868872  
3564 -0.000345706838288606 -0.00786560759206623 -5.57756629859414e-05  
3572 0.000499375300705651 -0.00651541913839537 0.00160180762759413  
3578 0.000107003687141116 -0.000218563574350128 6.97028056038107e-05  
3579 0.00063300787519438 -0.0018285350070073 0.000716427410452539  
3580 0.000775898813799358 -0.00270028867407746 0.000906145683984498  
3581 -0.0314584796137751 -0.00438034705530299 -0.010105317032412  
3582 -0.0134185843096475 -0.00203382031077126 -0.00679647081051371  
3583 -0.0224091442241843 -0.00349578041777932 -0.00957513265529997  
3584 -0.0710078112315387 -0.0129264384595444 0.0149671390354343  
3585 -0.0684053653467345 -0.010103956425155 0.00797628320219718  
3586 -0.0629113714903724 -0.00963077760411579 0.000598823593463971  
3587 -0.0674106641636172 -0.0120678850576041 0.00632588631924608  
3588 -0.0473131582505175 -0.0162860128984903 0.0424877479638328  
3589 -0.00215179328608883 -0.0030793881178397 -0.00410869523057042  
3590 -0.0416466767674137 -0.0229341521329047 0.0259916646624564  
3591 -0.0106310512711616 -0.000678541056402082 -0.00348660006420687  
3592 -0.00624250390319503 -0.000547969350407129 -0.00272081970433646  
3593 -0.0177740938637676 -0.00173359190114297 -0.00637532247492362  
3594 -0.0621547152450148 -0.00488407237389765 0.00987978831881264  
3595 -0.0349958871493072 -0.0138347815847055 0.0406368910116727  
3596 -0.0250704390273313 -0.0193728824651771 0.0316778736287235  
3597 -0.0248336168824608 -0.0208457827147868 0.0276620436779924  
3598 7.09761116013397e-05 -0.00253709704611538 0.0039438014082407  
3599 -0.000145595427966327 -0.00158551839945176 0.00315990661147226  
3600 -0.00177603001861826 -0.00369799283532757 0.00848191744444195  
3601 -0.00155775993471252 -0.00530488139133922 0.00950585045575283  
3602 -0.00025328623181764 1.30367154289601e-05 5.56433668226219e-05  
3603 -0.00852023121910861 0.000244950427145341 0.00229047402151394  
3604 -0.00596370327116347 -0.00152134459995068 0.00937812463416776  
3605 -0.012569370097026 -0.00238962982757585 0.0159201331125587  
3606 -0.0135625846494349 -0.00393155664141887 0.0197320604820561  
3620 -0.0478466566701172 -0.0018416575539959 0.014806296464485  
3621 -0.0201487556027473 -0.00642960621644306 0.0276540960549028  
3622 -0.0276513735236676 -0.00726181953541527 0.0323332629777724  
3623 -0.0271349199626343 -0.00919690913087834 0.0344869212603955  
3624 -0.0100079951143925 -0.0148173051184131 0.0211133897955734  
3625 -0.00404105141228683 -0.00630869019641978 -0.00622117463171884  
3626 -0.0025278534344011 -0.00395599943703928 -0.00475660025495014  
3627 -0.00412305014333469 -0.00771824847515745 -0.00609559725489812  
3628 -0.00663520045804944 -0.00830103576754482 -0.00750027516914994  
3631 -0.00148111935789075 -0.00202385440979924 0.00591854424237684  
3632 -0.00469866476413472 -0.00373030438345268 0.0121649801585591  
3633 -0.0104272884955208 -0.0124461215000338 0.0232557040362736  
3634 -0.0399195354366384 -0.0221303643302235 0.0326031459189838  
3635 -0.0379568335574731 -0.0205049491967202 0.0371010911112536  
3636 -0.0429520845664229 -0.0200046086210932 0.0393507102107835  
3640 -0.00802834101864391 -0.00308805677468627 0.0142332351897494  
3641 -0.0210446117716856 -0.00874364944205297 0.0308534388750559  
3642 -0.016564499296237 -0.0111429906437479 0.0292789005688974  
3643 -0.0307704739625478 -0.0166971708513302 0.0384736264459209  
3644 -0.0419792907646297 -0.0177998396273864 0.0417519891052509  
3645 -0.0474194254929898 -0.0178243153848001 0.0419780699521655  
3651 -0.0200627583606092 -0.000207206780487468 -0.000875777503097364  
3652 -0.00530788062633292 4.60113537883444e-05 -0.000538160877340488  
3653 -0.00761362616287897 -0.000147910211580893 -0.0015656335372114  
3654 -0.0273409290198288 -0.00138699364470085 -0.00420892714464571  
3655 -0.0238735289267424 -0.00175559731195563 -0.00596987044627895  
3656 -0.0373539858969707 -0.00337254684757227 -0.00687610410386685  
3661 -0.034545842818261 -0.000512799038006051 0.00409802243666502  
3662 -0.0169201339292613 0.000149869513734302 0.00103855783072504  
3663 -0.0581868929557459 -0.00475097931666824 0.00345928768001613  
3664 -0.0445678624773791 -0.00236816816322971 -0.000246531115408177  
3665 -0.041301415461021 -0.00279148571462429 -0.00372074138431333  
3666 -0.0542198065313642 -0.00511188703057996 -0.00157438274254673  
3667 -0.0567433348678605 -0.00748843571636826 -0.00339634257943544  
3668 -0.0488443420281328 -0.00690102087838795 -0.00772884333127877  
3669 3.93148441233393e-05 -7.6751649888962e-05 5.24911103685355e-05  
3670 0.000620377070049472 -0.00183067148578431 0.00107609687637479  
3671 0.000650434361432417 -0.00607762249785537 0.00323940450925878  
3672 -0.00602429431819473 -0.0154132782745364 0.00901568175504519  
3673 -0.000577187819089886 -0.00928146568185184 0.00200334378587291  
3674 -0.016291865025778 -0.0172093133619455 -0.00322741208219657  
3675 -0.0257917668750451 -0.021266296847898 0.00661182142175692  
3676 -0.024509716333796 -0.0186696997081981 -0.00185413428880554  
3679 -0.0161550236384755 -0.000982109231244976 0.0132891703238156  
3680 -0.00677133267711838 -7.16906017714791e-05 0.00476716402044985  
3681 -0.0105402950505322 6.20728542344295e-06 0.00590338016445457  
3682 -0.0382718132905211 -0.00295093138447555 0.0243649368931075  
3683 -0.0520902806542836 -0.00634134467873082 0.0323162183049137  
3684 -0.068068266422415 -0.0105014323892192 0.0306913505542072  
3685 -0.0659780267051246 -0.0177881191470988 0.0287882439234013  
3688 0.000176492008108653 -0.000433594075914812 0.000435769107809847  
3689 -0.00336001973028033 -0.0106225014260417 0.0131767559039418  
3690 -0.00242661668698929 -0.0110939216967836 0.0103087605286874  
3691 0.000427063805318539 -0.00607597417410943 0.0047556678106027  
3692 -0.0160739996981647 -0.0195050517111781 0.0202118671084294  
3693 -0.014858175955851 -0.0197630015118193 0.0151738123342399  
3694 -0.034966770443134 -0.0229854372730642 0.0205235350467776  
3695 -0.0340167714881545 -0.0220536913002434 0.0104227379488295  
3696 -0.00791821430993878 -0.0107501271768342 -0.00730479476624162  
3697 -0.00821953750346438 -0.0133860675541655 -0.00465784280459039  
3698 -0.0133751818563042 -0.0131377447651175 -0.00778059701769949  
3701 -0.000100346780863347 -6.319312294778e-06 0.000120040048336101  
3702 -0.0207596408672543 -0.00281485501091083 0.0209796178425564  
3703 -0.030164089444952 -0.00536175341585476 0.0298951869521318  
3704 -0.0406918845955602 -0.0055956372741548 0.0318157395486196  
3705 -0.0382544464819148 -0.00817900825950346 0.0363321582885875  
3706 -0.0455466621060623 -0.0113183625571764 0.0403810310417614  
3707 -0.0565580227248574 -0.012419847136016 0.0394324829630933  
3708 -0.0414799265416832 -0.0126330855873675 0.0413444115056338  
3709 -0.053459268709517 -0.0176195549165641 0.0405511432279585  
3710 -0.0566583743341198 -0.0167592052539476 0.0394309119619723  
3711 -0.0627825656076482 -0.0177135401499982 0.0341543958820696  
3712 -0.0596358682944356 -0.0186598074683388 0.0355534841091869  
3715 -0.00215277774980827 6.4162650119215e-05 0.00105562702742645  
3716 -0.00472161635264001 0.000149804456100355 0.00176210410932232  
3717 -0.0159053599982144 7.2466726805942e-05 0.00698307388847752  
3718 -0.0589776771539618 -0.00456974902954244 0.0230955948134692  
3719 -0.0489838061730552 -0.00360845826435252 0.0249982089953846  
3720 -0.0692971206844959 -0.00781546172447634 0.0173991181573002  
3721 -0.0711254906964314 -0.0104798217644202 0.023999388307452  
3722 -0.0692175356580265 -0.0159048378080797 0.0265151458569905  
3723 -0.048344549124522 -0.00534049126304126 -0.00596561090242181  
3724 -0.0402392805526688 -0.00500370571535314 -0.00889460087819305  
3725 -0.0299030396945454 -0.00325564628747088 -0.00849608456701378  
3726 -0.0214253284311781 -0.00276183425103227 -0.0084227151273808  
3727 -0.00043243232335044 -0.00122982551283712 -0.00155725561035069  
3728 -0.0001842094411586 -0.000995737376740635 -0.00110092452928256  
3729 -0.0016853459479762 -0.0030808034337042 -0.00382780242853184  
3730 -0.00266242580664766 -0.00495269162775003 -0.00516469047329335  
3731 -0.000945645584124577 -0.00269134278119054 -0.00291113275488897  
3732 -0.00299274682902251 -0.00842991376293867 -0.00446792820184778  
3733 -0.00154236315711387 -0.00455445983928371 -0.00397766680748644  
3734 -0.000813344413018058 -0.00456837666956744 -0.00302050929947482  
3735 -0.00589882712301915 -0.0142462426974816 0.000214468828744527  
3736 -0.0013602884073407 -0.00851887868520862 -0.00187584448667617  
3737 -0.0143700781809457 -0.019592809228925 0.00948637361989327  
3738 -0.0156678951816502 -0.0192447748358973 0.00366100393989668  
3739 -0.00473726689597243 -0.0143512589183956 0.00444599456022853  
3740 -0.0253783339121583 -0.0221816921398386 0.0150739133659956  
3741 -0.0322463749707822 -0.020930041657266 0.0333457365595679  
3742 -0.0337667046842398 -0.0224006944717985 0.0284262375744221  
3743 -0.0250970075994701 -0.021952288124794 0.0222479848542252  
3744 -0.0365992579772865 -0.0182954709914611 0.0399196119687987  
3745 -0.0313475573948381 -0.018945535658986 0.0366973000382134  
3746 -0.035858929000824 -0.0159893298366995 0.0409895180710012  
3747 -0.0413483032716613 -0.0156976901050143 0.0423911434627373  
3748 -0.0405001245649146 -0.0139080321764595 0.041932599136999  
3749 -0.0608653413337379 -0.0153579116322362 0.0380151131430469  
3750 -0.0479505624999206 -0.0149844774286976 0.0422744607312781  
3751 -0.0512862386804045 -0.0140259337231328 0.0414640957314988  
3752 -0.0664110513171181 -0.0160298604010052 0.0325472275862923  
3753 -0.0651716589313764 -0.0132814102889824 0.0353897375098315  
3754 -0.0713877608686744 -0.0104656383246038 0.0164607984029319  
3755 -0.0716112073523618 -0.0131263877249239 0.0223306412608509  
3756 -0.0699380513688084 -0.0133945463704777 0.0291743732691431  
3757 -0.0627358590368203 -0.00751057133675204 0.00234501048544211  
3758 -0.0672457750915783 -0.00760278533743985 0.00947114672453631  
3759 -0.0316602405841877 -0.00120643166883383 -0.0021921224805509  
3760 -0.0212552278283056 -0.00070143348966667 -0.00294412915309311  
3761 -0.0169011118853177 -0.000823016483082029 -0.00388304718762811  
3762 -0.00625525803911842 -0.000286472322954978 -0.00195996585807734  
3763 -0.00235488039297138 -0.000148412162616296 -0.000970616221820819  
3764 -0.00113614312886057 -0.0105290677192897 0.00466164798081087  
3765 0.00064932610212054 -0.00618994018896046 0.00216731088494274  
3766 -0.00740179644526506 -0.0159652313677725 0.013183947464949  
3767 -0.00165312528224604 -0.0109335721290336 0.00748012373929903  
3768 -0.0182597670172981 -0.0170572616443678 0.0287676134121285  
3769 -0.0173018071573097 -0.018703000190726 0.0248577819825188  
3770 -0.00877672856495337 -0.0158551567474206 0.0172002448271088  
3771 -0.0244706638941352 -0.0146957806286991 0.0354285733847065  
3772 -0.0253765510751691 -0.0173833092530913 0.0346267115364755  
3773 -0.0181465145979018 -0.0144191162321476 0.0305930481627003  
3774 -0.0283928116850802 -0.0116508264493405 0.0370333951505019  
3775 -0.0298615418523696 -0.01428618795223 0.0385917942112429  
3776 -0.0228819419030515 -0.0117152141576753 0.0340287404105767  
3777 -0.0342113600563607 -0.0118654016291657 0.039428060208593  
3778 -0.0498849617397354 -0.00897784120078882 0.0374096393679795  
3779 -0.0349019871677001 -0.0100836155133948 0.0380795355499687  
3780 -0.0622718113809242 -0.00729080886776501 0.0300476879783675  
3781 -0.0608619664087655 -0.00996975230373209 0.0356082445869108  
3782 -0.0633130518644975 -0.00501170197128431 0.01724491496584  
3783 -0.0677342840208439 -0.00769339588714502 0.0244746323598975  
3784 -0.0515456726698176 -0.00228094075464469 0.00959443320925851  
3785 -0.0493262110658179 -0.00242022076417925 0.00387881669166756  
3786 -0.0352005614786322 -0.00100037458651059 0.000525881793919436  
3789 0.000618053526068252 -0.00244054296271656 0.00216878063296378  
3790 0.00039613524086235 -0.00278607140126041 0.00336845727042602  
3791 -0.000801697151928238 -0.00600455815128953 0.008424956448323  
3792 -8.13529113656841e-05 -0.00618766458876507 0.00665028607909339  
3793 -0.0042462931942282 -0.00933116454871197 0.0151846274275159  
3794 -0.00958413135049341 -0.00707251844323764 0.0206901570745686  
3795 -0.0100846970808561 -0.00955874555867808 0.022703168604494  
3796 -0.00493716965411295 -0.00758832147676003 0.0158334260122502  
3797 -0.00507852949431253 -0.00561282115427275 0.0146761814357888  
3798 -0.0151522572041358 -0.00817548894553966 0.0263636288509588  
3799 -0.00900876680668716 -0.00491177377710983 0.0178477152549021  
3800 -0.0142238142234419 -0.00576498517835944 0.0230534615475335  
3801 -0.0206164342473585 -0.00470646260237118 0.0251124557544246  
3802 -0.0296001043052456 -0.00288044680382882 0.0236150621124126  
3803 -0.0217169095128611 -0.00085395755013451 0.0142201027738338  
3804 -0.0286773535258362 -0.000865761978275259 0.0150358096070705  
3805 -0.0382148183252866 -0.00120669058946987 0.0159575919037708  
3806 -0.0230408780093967 4.84032652821043e-05 0.0077668870239902  
3807 -0.0300678529456491 -0.000129570530134515 0.00701624155379577  
3808 -0.00337981207621851 9.82686254928922e-05 1.26207303310366e-05  
3809 -0.0132601896441429 0.00028128615690548 0.00223189347559583  
3810 -0.00164234821623666 6.98075979812529e-05 0.00018300801281157  
3818 0.000136640910241681 -0.000432357303850495 0.000580098517104929  
3819 3.31523031888992e-05 -0.000127645586175618 0.000220499232199245  
3820 -7.93735394495343e-05 -0.000361319271121374 0.000935451195800852  
3821 -0.0014103386800457 -0.000507498100375869 0.00291007311216163  
3822 -0.00364096379644252 -0.00198517800815062 0.00832841376541171  
3823 -0.000543699013299204 -0.000496058115544429 0.00190981555351755  
3825 -0.00278055655513754 -0.000407810384558616 0.00381961058951674  
3827 -0.00921258444088835 -0.000897254893061472 0.00974497578806677  
3828 -0.00288778854275051 -8.77527258467126e-05 0.00260596066249974  
3829 -0.000506615106615982 1.18481037958418e-05 0.000318952800341776  
6060 -0.00395623191898231 -0.00207154550957966 -0.00453293031546309  
6061 -0.00201360208814094 -0.00153982975666622 -0.00293285088264383  
6062 -0.00442618973681874 -0.0026749652856779 -0.00524798174819815  
6063 -0.00245134190629415 -0.000550140723112769 -0.00191860486938822  
6064 -0.00745037001138371 -0.00186298990061573 -0.00550425414439815  
6065 -0.0139999837347204 -0.00289658999270159 -0.0082287345589977  
6071 -0.0004824086443449 -0.000487558809027178 -0.000914761882370385  
6072 -0.00204026672201962 -0.00206856060913196 -0.00336550586052908  
6073 -0.00666553964720151 -0.00114441725952474 -0.00411646959310019  
6074 -0.00686898602907604 -0.00129534492668881 -0.00443076777082752  
6081 -0.000822134764291604 -0.00105416040048567 -0.00172005534372666  
6082 -0.000234568627057286 -0.00032661648194221 -0.000565769048762377  
6083 -0.0014659762397855 -0.00203611515007651 -0.00298551791684076  
6084 -0.000750565724807473 -0.000415967454756583 -0.001013661702018  
6086 -0.0014767486638334 -0.00091660767304802 -0.00201510745881706  
6087 -0.000213119735370526 -0.000165842357318979 -0.000359969129036131  
6111 -0.00206604453535419 -0.000387507249612895 -0.00148639541930606  
6112 -0.000164376543359879 -3.41884299221995e-05 -0.000135092805862769  
6113 -0.00293190586207004 -0.000856445045883447 -0.00260672125659767  
6114 -0.000368601992661866 -0.000100032579908316 -0.000344210740877315  
6116 -0.000553987368615338 -0.000187729042579576 -0.00057821474206321  
6161 -0.00747563084065916 -0.00233836646600594 -0.00618957947699539  
6162 -0.00678514940554464 -0.00255647184206964 -0.00625623522864782  
6168 -0.00646937193162955 -0.00316532664271563 -0.00670023646580375  
6169 -0.00247560671647307 -0.00126629960755054 -0.00297752063670487  
6172 -9.97182025606058e-05 -5.44968645499466e-05 -0.000140235509945796  
6179 -0.00274090133098071 -0.000993907059068988 -0.00274372046715143  
6194 -0.00316636366483181 -0.00110646086386623 -0.00304941170543316  
6195 -0.0083966987065196 -0.00265913071552859 -0.00680804746298236  
6196 -0.0151593771784064 -0.00493114058190258 -0.010836209381523  
6200 -0.00567681707798329 -0.00334270321945951 -0.00657317140212399  
6201 -0.00338700598717878 -0.00217955594712294 -0.00442851835759939  
6202 -0.00203296444067291 -0.00124730825086772 -0.00273993574501219  
6204 -0.000706372251059406 -0.000476833542165878 -0.00107355594309411  
6205 -8.89841114677381e-05 -5.76802994132208e-05 -0.000139299948273219  
6214 -0.000430637288935998 -0.000149069963896409 -0.000448947755671725  
6235 -0.00442401874551723 -0.00223397782042412 -0.00496484398900074  
6236 -0.00644825905151691 -0.00333590964510222 -0.00689199221960735  
6237 -0.00395430266894436 -0.00221927136203703 -0.00474308263073908  
6238 -0.00238969710877868 -0.00129227860963965 -0.00297479663913691  
6239 -0.00100462982655447 -0.000535921293362662 -0.00131454530765041  
6240 -0.000908451257373599 -0.00053641152152295 -0.00126676431000305  
6241 -0.000193313352390589 -0.000110930486890481 -0.000279328899523534  
6267 -0.000503072132275406 -0.000203372669318469 -0.000578949996452138  
6268 -0.000590249161149359 -0.00022716342502882 -0.000654171437417972  
6269 -0.00284028166765893 -0.00109848168199278 -0.00292691527647548  
6270 -0.00779981296639676 -0.00277075604367383 -0.00681620274917805  
6271 -0.0131736754741496 -0.00479392737042872 -0.010342279663746  
6460 -1.30537899636352e-05 -7.66311961584165e-05 -9.87279946116359e-05  
6475 -0.00511176594932294 -0.000745008284241067 -0.00299664582962578  
6477 -0.000643337527144183 -0.000954255939177528 -0.0015070343165462  
6478 -0.000140408872411513 -0.00023113120064977 -0.000385468240892806  
6479 -0.00118662683917137 -0.00191491336750005 -0.00270991162324213  
6483 -0.00238179611551459 -0.000272982814863099 -0.00131519844217109  
6551 -0.00144095230731978 -0.000244966511047551 -0.00100424367064988  
6614 -0.0107971355514564 -0.00130210878296566 -0.00509069012150576  
6615 -0.000372851086012815 -5.27048394758367e-05 -0.000247587214289524  
6616 -0.000509278301365157 -0.000959958278031081 -0.00141947848351265  
6617 -4.82046113177148e-05 -0.000148525346176598 -0.000214908764064603  
6648 -0.000149150620027072 -1.19725838310103e-05 -7.5752926164796e-05  
8796 -0.013945140669648 -0.0022849511270806 -0.00727753168757772  
8799 -0.0136926087766369 -0.00416181041759955 -0.00980603953030362  
8802 -0.00578867630584412 -0.00298370809468906 -0.00620004099834415  
8806 -0.00136490797999045 -0.00199763819523469 -0.00289171012821043  
8808 -0.00309562804443431 -0.00234654028645309 -0.00422309893656347  
8809 -0.0141109229590484 -0.00340665922993322 -0.00895292369477846  
8814 -0.00155512330013607 -0.00201209870056118 -0.00301633584012961  
8815 -0.0138747815142324 -0.0024909140681757 -0.00759056275956027  
8820 -0.002136109503315 -0.00114582493165472 -0.00265204207380521  
8821 -0.00102806646725639 -0.000790574597090199 -0.00160368142326206  
8822 -0.000272451359784043 -0.00034529434017827 -0.000612334353832011  
8823 -0.000195211260592743 -0.000288541630311556 -0.00049374363879906  
8824 -9.66276713905145e-05 -5.54455399068843e-05 -0.000140271710449724  
8836 -0.00192774957994857 -0.00034950044724269 -0.00136989235898  
8837 -0.00219960665299368 -0.000434218563071909 -0.00162099846875208  
8838 -0.00269508560609211 -0.000699593755115302 -0.00226008087565788  
8839 -0.00290372251174631 -0.000942332966872073 -0.00272664169551717  
8868 -0.014203624184006 -0.00489675439462189 -0.0106484788120724  
8869 -0.00307768284380927 -0.00113500392865262 -0.0030630268920504  
8874 -0.00609829581628674 -0.00335802839754251 -0.00677193454248481  
8875 -0.00222120709514684 -0.00127640650862304 -0.00287362022936577  
8878 -9.28209096038302e-05 -5.65232562408369e-05 -0.000139452124244599  
8886 -0.0160523808312973 -0.0049084144218341 -0.0109271821784204  
8887 -0.0030836987189673 -0.00101914120853053 -0.00288009067116946  
8892 -0.00527078098002676 -0.00333103879484042 -0.0063833001331659  
8893 -0.0018953820177785 -0.00124425637739023 -0.00266614326028503  
8896 -6.00117097300235e-05 -4.15786909009341e-05 -9.8150946541864e-05  
8904 -0.0066304639339041 -0.00328114195997387 -0.0069009158805784  
8905 -0.00245616863253417 -0.00127239303947135 -0.0029789531527058  
8906 -0.000198402114655494 -0.000109402118717128 -0.00027958997748101  
8920 -0.00263672824559968 -0.00102602894389747 -0.00274631917818624  
8921 -0.0125518187337548 -0.00461202379983661 -0.0100192589743528  
8922 -9.1373933045702e-05 -0.000484775115126013 -0.000582138808795221  
8935 -1.46444362769671e-05 -0.000155378784711502 -0.000182486689709549  
9039 -0.0124782514139952 -0.00170629719923454 -0.00609572001303604  
9043 -0.00107999748331622 -0.00200197920412393 -0.00270499372254568  
9057 -0.00359686619071908 -0.00025757903313206 -0.00151174802158494  
9061 -0.000155560555157308 -0.000298668030609406 -0.000474748612987241  
9077 -0.000868295332992375 -0.000135504251048246 -0.000590868475455864  
9111 -0.00864390331258846 -0.000903284618516409 -0.00393389034070424  
9124 -0.00107163334857319 -5.65409571890996e-05 -0.000431023884630122  
10280 -0.030147560541991 -0.00692833331811116 -0.013026569964495  
10281 -0.0283852977295282 -0.00838991779335174 -0.0141782332502771  
10282 -0.0569895262407414 -0.0140542136145996 -0.00331751779594902  
10283 -0.0644207108198316 -0.0172812264752338 0.0106087826716251  
10284 -0.0580220082647429 -0.0190651668521014 0.00658461151761025  
10285 -0.0509475393246248 -0.0160086946316937 -0.00560885085724272  
10286 -0.0593160913711381 -0.0203821717328765 0.0309441851224508  
10287 -0.0597226301547948 -0.0207811396812723 0.0264969190097875  
10288 -0.0584707204873212 -0.0205507538666012 0.0317994666393135  
10289 -0.0591668296826313 -0.0209691689400415 0.0264450466279416  
10290 -0.00987141535537717 -0.00498750968381501 -0.00920525399487809  
10291 -0.00572928111614601 -0.00422323076054454 -0.00673602702408965  
10292 -0.0529479648760116 -0.0209524458537089 0.00923499745363221  
10293 -0.057288046980597 -0.021360906450127 0.0182841256282702  
10294 -0.0545700027644216 -0.0219317949981814 0.0245958744365  
10295 -0.0488791751595272 -0.021960207444863 0.013580027061835  
10296 -0.0310348173261445 -0.00524815563221637 -0.0112490880837867  
10297 -0.0614925015179324 -0.0113637440731509 -0.00092347757890815  
10298 -0.0689207879058813 -0.0150804315262576 0.0135546796227574  
10299 -0.0570187133019857 -0.0198135137756026 0.0356451130912776  
10300 -0.0528975013421586 -0.0200454443221871 0.0379960085519999  
10301 -0.0471410796144482 -0.0224481043123888 0.030099977833743  
10302 -0.0419142178486709 -0.0226982720687374 0.0167361784497191  
10303 -0.00338700199063169 -0.00410966227991594 -0.00534872639946117  
10304 -0.0314794813220942 -0.00477951285756717 -0.0106350114997439  
10305 -0.0623746564087924 -0.0103467961133674 -0.000137594048282841  
10306 -0.0702116662414483 -0.0139186594733474 0.0143003343700913  
10307 -0.05478443960601 -0.0187549687975661 0.0387809945113988  
10308 -0.0495053916729375 -0.0188457217965379 0.0408315075583235  
10309 -0.0430748988601408 -0.0223803047911133 0.0316695939382046  
10310 -0.0386622696933046 -0.0228886525005692 0.0183450922515933  
10311 -0.00284230064545454 -0.00400656284227807 -0.00496611609287353  
10312 -0.0161222397712919 -0.00794265065451327 -0.0120971291689784  
10313 -0.010515252798541 -0.00712698538154655 -0.00952637344016696  
10314 -0.00599799956273728 -0.00667430377779965 -0.00735936039927763  
10315 -0.00478804418753498 -0.00642956295541808 -0.00664828528897482  
10316 -0.0239383732065903 -0.0115171209909022 -0.0129190368170384  
10317 -0.0165954794579193 -0.0105235899800391 -0.0108614917407975  
10318 -0.0109942190188121 -0.0103003074273147 -0.00889009126694866  
10319 -0.00926611614821127 -0.0104555442585479 -0.0080436963180545  
10320 -0.0500204589316127 -0.0211737026756964 0.0361125074650774  
10321 -0.0457015045121807 -0.0206484746977367 0.0382543033108508  
10322 -0.0571847202704703 -0.0211733286663502 0.029616338277265  
10323 -0.0584247330308187 -0.0213100826717891 0.0238445024479008  
10324 -0.0485820107032851 -0.00740086810947105 -0.00831985662080115  
10325 -0.0479152275493107 -0.00816105060039263 -0.00912733671066235  
10326 -0.044999567668583 -0.0104732111051362 -0.0112213099855579  
10327 -0.0406166811608273 -0.0122107937260907 -0.0127635899625601  
10328 -0.0330877690685156 -0.020105072791921 0.00174852675991155  
10329 -0.0212387742853934 -0.0153980925351789 -0.00737178355484486  
10330 -0.0294536228939251 -0.020681354965518 0.00362213550397444  
10331 -0.0190622053150946 -0.0162030648116342 -0.00580960633851635  
10332 -0.0388638027834531 -0.0198078793346212 0.000583915173486355  
10333 -0.0267896627865412 -0.0153782289999072 -0.00859525245141396  
10334 -0.0334801610412114 -0.0157540432683163 -0.00958248781535062  
10335 -0.0446610247141815 -0.0192485612469682 -0.00103893179948475  
10336 -0.0683889275162528 -0.0167423768157278 0.025132713533367  
10337 -0.0671971841202321 -0.0176682434075701 0.0237420030571232  
10338 -0.0633184099951904 -0.0183529751861897 0.0319571506488503  
10339 -0.0632425534271732 -0.0189979753026819 0.0298182297669884  
10340 -0.064384380759293 -0.0191538320332256 0.0215462746291453  
10341 -0.0616613768406751 -0.0199703867673122 0.0285716880748732  
10342 -0.0603685618816598 -0.02039381521395 0.0176718928341872  
10343 -0.0603568452629588 -0.0206899302363155 0.0243500244978352  
10344 -0.0265167496090726 -0.00941613509758099 -0.0146534797313506  
10345 -0.0539463791116503 -0.0198404775737799 0.00380127262542396  
10346 -0.0463809591142024 -0.0171803972389171 -0.00705249599377544  
10347 -0.0583880553110703 -0.0212710289958977 0.0223108260306619  
10348 -0.0592227232275917 -0.0210215839903185 0.0226867942583342  
10349 -0.0118019682956145 -0.00569841047536102 -0.0104797079529816  
10350 -0.0260677203790323 -0.0121445385348125 -0.0137320973080932  
10351 -0.0354793178387922 -0.0160699735106391 -0.0103224214180953  
10352 -0.0183930799152705 -0.00869871133818378 -0.0131874273101856  
10353 -0.0556593003951207 -0.0214663321416992 0.0136661928590913  
10354 -0.0574899522806618 -0.0214926623243628 0.0193480440884743  
10355 -0.0373145533812931 -0.0133773233815191 -0.0134176900555756  
10356 -0.0449697288558468 -0.0191885110007206 -0.00270517024182457  
10357 -0.0517802680348609 -0.0208517897735874 0.00607033273263391  
10358 -0.0593246174349957 -0.0209989055559845 0.0207317507738483  
10359 -0.0575987278762682 -0.0209288887315324 0.0136747977667258  
10360 -0.0292244113998095 -0.00970806086365883 -0.0147608229963224  
10361 -0.0335110073744431 -0.00981233629019584 -0.0143756561010377  
10362 -0.0508517672442395 -0.0170825098107343 -0.00509475235230614  
10363 -0.0572524143635746 -0.0192553557199248 0.00534166925717749  
10364 -0.0615053603996785 -0.018198840703846 0.00848552787647383  
10365 -0.0557140007967973 -0.0164115078960094 -0.00251976867002651  
10366 -0.0592924168767581 -0.0208513790402662 0.0222293714291484  
10367 -0.0570884338626456 -0.0216028662994177 0.0214903038709056  
10368 -0.0553751229781483 -0.0218199495639055 0.0233177707796133  
10369 -0.0599175998536907 -0.0201827703797504 0.0244385322675955  
10370 -0.0111401276410561 -0.00599074779165676 -0.0104813040452427  
10371 -0.00966353864578195 -0.0059971531136398 -0.00995632402555197  
10372 -0.0243491804646965 -0.0127095359739542 -0.0135960100997181  
10373 -0.0326745322640818 -0.0165774350025458 -0.0104043075843946  
10374 -0.0214732936119617 -0.0129677132099459 -0.0130778972725238  
10375 -0.0289832514745285 -0.0170099981223757 -0.00991130354668698  
10376 -0.0172414777299537 -0.00914189526793052 -0.0131209016236083  
10377 -0.015142760767958 -0.00928613150063029 -0.0125970284680078  
10378 -0.0541475263833036 -0.0222628386418364 0.0178323577074482  
10379 -0.0509094798696879 -0.0222962437392198 0.0118382064974869  
10380 -0.0447504664043663 -0.0231896386903827 0.0112315042024423  
10381 -0.0493806984504772 -0.0232000503656309 0.0182073344221865  
10382 -0.0413340634650012 -0.0137132900244978 -0.0124888717473367  
10383 -0.0459876456607162 -0.0134123394332448 -0.0109904085911692  
10384 -0.040703377555019 -0.0196800379035267 -0.00355168986425244  
10385 -0.0468271064097507 -0.0215008790855791 0.00451120847719738  
10386 -0.0361292342108754 -0.020282407725972 -0.00316599343932444  
10387 -0.0413015805697796 -0.0222299211782229 0.00443829582945926  
10388 -0.0601716490218678 -0.0201267367890949 0.0142790506870372  
10389 -0.0604356224754099 -0.0204110450388697 0.0200172965705863  
10390 -0.0624893455255915 -0.0190783940743131 0.0220189150586523  
10391 -0.0634364931956952 -0.0187489974036907 0.0168980671041938  
10392 1.19996897751662e-06 -0.000157170890759062 -0.000153442389496661  
10393 -4.52948230531547e-05 -0.00119231348384119 -0.00102948388916956  
10394 0.000492914936103261 -0.00470847658925777 0.000241205767451931  
10395 0.000738946453111566 -0.00342102447621073 0.000778436691689446  
10396 0.00044069240507838 -0.00144973349279098 0.000164961360553675  
10397 0.000500847595276355 -0.00264755316743503 -6.75657202008767e-06  
10410 0.0002800325630119 -0.00108981743619552 -0.000110576861516193  
10411 9.82096968016322e-05 -0.000264312830580593 -6.98467931670166e-06  
10413 5.13331699210084e-05 -0.000160171767007 -3.61384598477343e-05  
10428 0.000259491956683178 -0.000602145841412494 0.000153317686397259  
10443 9.6605681079609e-05 -0.000336462746361121 -0.000100748579825449  
10444 0.000370857380630696 -0.00190633462489131 -0.00036992145874136  
10445 0.000429252787171208 -0.00274415532976491 -0.000519868250496096  
10455 2.09619585973542e-05 -0.000160580002230404 -0.00012838789343661  
10456 9.91144027011615e-05 -0.000765641694385977 -0.000516736949066392  
10457 0.000249888274083787 -0.00103772210479747 -0.000237471635273351  
10459 -6.17942782810132e-05 -0.00682802314713626 -0.000307700232951866  
10460 0.000403300334255619 -0.00307663386115564 -0.000713725132754896  
10461 0.000290216995722403 -0.00250386618836274 -0.000989969450529309  
10462 -0.000126492498566222 -0.00442852331798349 -0.00186028412667836  
10463 -5.64604551982484e-05 -0.00232087204085474 -0.00159444295672982  
10464 0.000194847919772201 -0.00153396214091117 -0.000831154046636584  
10480 0.000650744235599632 -0.00563234707260563 0.00141582729611403  
10485 0.000624614025809933 -0.00183915002185131 0.000590989934380573  
10487 -0.00107936709468959 -0.00639203431910573 -0.00295779686541662  
10488 -0.00141471004189953 -0.0102086308097569 0.000801935737399673  
10489 -0.000582506544674288 -0.00319413951524439 -0.00260395169254933  
10490 -0.000295781037038978 -0.00160045292948752 -0.00162410258917589  
10491 7.84747244324535e-05 -0.00803246824398229 0.00238613943827208  
10492 0.000219678772168663 -0.000471920719206764 0.00019668539133022  
10496 0.000866432270640871 -0.00392606479363167 0.00148200453395478  
10498 -0.0311322180796196 -0.00387265045537788 -0.00939609962188104  
10499 -0.0630770015804956 -0.00866399098595139 0.00142984621197706  
10500 -0.0714171485597035 -0.0116993596693646 0.0156784005748706  
10501 -0.0511617106928952 -0.0162920759166809 0.0417533031604764  
10502 -0.0445718995979405 -0.0167646384441866 0.0425569230246767  
10503 -0.00227884818855273 -0.00412650446196494 -0.00469280879508457  
10504 -0.0361057532754785 -0.0216275317270629 0.0332571177441425  
10505 -0.0302706658421812 -0.0226930079616068 0.0222115178634683  
10506 -0.027774780676836 -0.00256451145241954 -0.00741339640080696  
10507 -0.0193324852973547 -0.00110211057972265 -0.00458294773852702  
10508 -0.0669270860353208 -0.00643390965569779 0.0174307958454281  
10509 -0.0707079025341955 -0.00914268943051866 0.0170622261398423  
10510 -0.0612278228327341 -0.00617882889491739 0.00303895218166894  
10511 -0.0539756583581266 -0.00345541463138943 0.00369677373578264  
10512 -0.03187473257276 -0.0128648473818913 0.0391545045931709  
10513 -0.0380512515785085 -0.0146841892554335 0.0416712604419447  
10514 -0.0446148562533608 -0.0137303511705795 0.0421071949999716  
10515 -0.0384672795906909 -0.01145768861943 0.0400812184833513  
10516 -0.0122925118357671 -0.0179143564361794 0.0187567103698713  
10517 -0.0202527519850264 -0.0208229009206207 0.0214282767892657  
10518 -0.0286525215178699 -0.020174785027848 0.0328403266430544  
10519 -0.0218820912823503 -0.0184269759720337 0.0304576099949829  
10520 -0.000243315038460423 -0.00421777628980635 0.00622642866119352  
10521 -0.00322078174167473 -0.00562841078726706 0.0122978691833851  
10522 -0.000672605762019884 -0.00182284699394586 0.00442740251946815  
10523 0.000137604038854988 -0.00105821851161636 0.00173434704902321  
10524 -0.0122393056569763 0.000221613326402803 0.00431259570218145  
10525 -0.00489783721536696 0.000179775914375568 0.00093465202141374  
10527 -0.000580044034037996 2.53270515209181e-05 0.000233585098825984  
10528 -0.00464972187091917 -0.00172678571152574 0.00875365399770078  
10529 -0.0110879785661382 -0.00438634414365424 0.0187704676645808  
10530 -0.0167587895630277 -0.00349724840907584 0.0207584431191208  
10531 -0.00773278501833374 -0.00131105421087341 0.0101125089968264  
10542 -0.000119348122602503 -1.52563987185772e-05 0.000176082640010122  
10548 -0.0140232665796702 -0.000549807518154921 -0.00310510034887557  
10549 -0.00150913044114986 7.23377758049537e-06 -0.00027338589586634  
10550 -0.0355154108124225 -0.00060483912966447 0.0116196752442194  
10551 -0.0574813222792727 -0.00347425657719214 0.0165938383071733  
10552 -0.043332973717952 -0.0014558422153641 0.00403499133608431  
10553 -0.0236641590004183 0.000102632624020771 0.00346316044124229  
10554 -0.017439236889004 -0.00719873139547644 0.0269941704391386  
10555 -0.0247969319561889 -0.0102691890386808 0.0342894099158004  
10556 -0.0311953508222587 -0.00863917020342342 0.0353953633175481  
10557 -0.0240589860603819 -0.00593713770831528 0.0288281757075311  
10558 -0.00172592316857845 -0.00802162812306051 0.0106503359325104  
10559 -0.00579218324674002 -0.0133962121826698 0.0154498615404465  
10560 -0.0143993586698343 -0.0150972291266953 0.0265237732673996  
10561 -0.00715829532009593 -0.00976059109325433 0.0193794649530901  
10562 -0.00328937690096609 -0.00620044633797079 -0.00572847781768354  
10563 -0.00589818321850544 -0.0103037017156566 -0.0061989421883481  
10566 -0.00696990531150732 -0.00532842325378624 0.016449438953714  
10567 -0.00246662109081797 -0.00205325561671543 0.00718520010741489  
10568 -0.0207089690102293 -0.0131210695644768 0.0328467578729034  
10569 -0.0126891197317036 -0.00899446903622447 0.0249492920411285  
10570 -0.0336123039860468 -0.0174612301289017 0.0393821648831365  
10571 -0.0278233447970706 -0.0158541382807016 0.0372063060494839  
10572 -0.0397055922412619 -0.0191392222264994 0.0399751940906301  
10577 -0.0278398472032677 -0.00078891575532225 -0.00168030861823354  
10578 -0.010574879992987 0.000110769280126988 -0.000225463797505654  
10579 -0.0462385446589906 -0.00421686498333429 -0.00491032407808223  
10580 -0.0352288036588106 -0.00169034182999894 -0.00270312248176185  
10581 -0.0489362510752471 -0.00621528198371379 -0.0069211125614857  
10584 0.000411191395699007 -0.00124622886214354 0.00117966235740141  
10586 -0.00034240718014189 -0.00850898366661568 0.0062683628724472  
10587 0.000684278804328642 -0.00402052954098053 0.00335370102959589  
10588 -0.00950044213641377 -0.0175632196810511 0.00938075485157708  
10589 -0.00356933583225327 -0.0132903239427833 0.00842413177633723  
10590 -0.0204827567049506 -0.0210686936261482 0.00893939729758148  
10591 -0.0115317796980889 -0.0166753973935556 -0.00100252272750356  
10596 -0.0229813715041018 -0.00178859122388531 0.0185271979481173  
10597 -0.0188896952874984 -0.000254763614975673 0.0101803673896936  
10598 -0.00416564909835415 5.29408861211778e-05 0.00245787903804739  
10599 -0.00902968822197181 -0.000404731740673014 0.00769031385306107  
10600 -0.0355463028176928 -0.00420093679042566 0.0281418889280757  
10601 -0.0454459620766556 -0.00718791280905862 0.0349589464331075  
10602 -0.057140716298818 -0.00559560893088928 0.0285663623071744  
10603 -0.0389107526962107 -0.00195990145039104 0.0200979721630575  
10604 -0.0534814607162843 -0.0107509245797814 0.0388116378308042  
10605 -0.0589757067764367 -0.0139567331038961 0.0390826757538891  
10606 -0.0693625092480943 -0.0119969907154882 0.0302098917034074  
10607 -0.0658295132216153 -0.00894031282587093 0.0306934068830744  
10608 -0.069811667821341 -0.0146765247864096 0.0278837435428657  
10609 -0.0621511661065597 -0.0167193461866191 0.0363252249444488  
